30 35 0 12
0  0  0  0  0  0  0  0  0  0  0  0  0  0  0  0  0  0  0  0  0  0  0  0  0  0  0  0  0  0  0  0  0  0  0  0  0  
0  0  0  0  0  0  0  0  0  0  0  0  0  0  0  0  0  0  0  0  0  0  0  0  0  0  0  0  0  0  0  0  0  0  0  0  0  
0  0  0  0  0  0  1  1  1  1  1  1  1  1  1  1  0  0  0  0  0  0  0  0  0  0  0  0  0  0  0  2  0  0  0  0  0  
0  0  0  0  0  0  1  1  1  1  1  1  1  1  1  1  0  0  0  0  0  0  0  0  0  0  3  3  3  0  0  2  2  0  0  0  0  
0  0  0  0  0  0  0  0  0  0  1  1  0  0  0  0  0  0  0  0  0  0  0  0  0  3  3  3  3  3  0  2  0  0  0  0  0  
0  0  0  0  0  0  0  0  0  0  1  1  0  0  0  0  0  0  0  0  0  0  0  0  3  3  0  0  0  3  2  0  0  0  0  0  0  
0  0  0  0  0  0  0  0  0  0  1  1  0  0  0  0  0  0  0  0  0  0  0  3  3  0  0  0  0  0  2  2  0  0  0  0  0  
0  0  0  0  0  0  0  0  0  0  1  1  0  0  0  0  0  0  0  0  0  0  0  3  3  0  0  0  0  0  2  2  0  0  0  0  0  
0  0  0  0  0  0  4  0  0  0  1  1  0  0  0  0  0  0  0  0  0  0  0  3  3  0  0  0  0  2  2  2  0  0  0  0  0  
0  0  0  0  0  0  0  4  0  0  1  1  0  0  0  0  0  0  0  0  0  0  0  0  3  3  0  0  0  2  2  0  0  0  0  0  0  
0  0  0  0  0  0  0  0  4  0  1  1  0  0  0  0  0  0  0  0  0  0  0  0  0  3  3  3  2  2  0  0  0  0  0  0  0  
0  0  0  0  0  0  0  0  0  1  1  1  1  0  0  0  0  0  0  0  0  0  0  0  0  0  3  2  2  0  0  0  0  0  0  0  0  
0  0  0  0  0  0  0  0  0  1  1  1  1  1  0  0  0  0  0  0  0  0  0  0  0  0  0  0  0  0  0  0  0  0  0  0  0  
0  0  0  0  0  0  0  0  0  0  0  0  1  0  0  0  0  0  0  0  0  0  0  0  0  0  0  0  0  0  0  0  0  0  0  0  0  
0  0  0  0  0  0  0  0  0  0  0  1  0  0  0  0  0  0  0  0  5  5  5  0  0  0  0  0  0  0  0  0  0  0  0  0  0  
0  0  0  0  0  0  0  0  0  0  1  0  0  0  0  0  0  0  0  5  5  5  5  5  0  0  0  0  0  0  0  0  0  0  0  0  0  
0  0  0  0  0  0  0  0  0  1  0  0  0  0  0  0  0  0  5  5  5  0  5  5  5  0  0  0  0  0  0  0  6  6  0  0  0  
0  0  0  0  0  0  0  0  1  0  0  0  0  0  0  0  0  5  5  0  0  0  0  0  5  5  0  0  0  0  0  0  6  6  0  0  0  
0  0  0  0  0  0  0  1  0  0  0  0  0  0  0  0  0  5  5  0  0  0  0  0  5  5  0  0  0  0  0  0  0  0  0  0  0  
0  0  0  0  7  7  1  0  0  0  8  8  0  0  0  0  0  5  5  0  0  0  0  0  5  5  0  0  0  0  0  0  9  9  0  0  0  
0  0  0  0  7  1  0  0  0  8  8  0  0  0  0  0  0  5  5  0  0  0  0  0  5  5  0  0  0  0  0  0  9  9  0  0  0  
0  0  0  0  1  1  0  0  8  8  0  0  0  10 0  0  0  5  5  0  0  0  0  0  5  5  0  0  0  0  0  0  9  9  0  0  0  
0  0  0  0  1  1  0  8  8  0  0  0  0  0  10 0  0  5  5  5  5  5  5  5  5  5  0  0  0  0  0  0  9  9  0  0  0  
0  0  0  0  1  1  0  8  8  0  0  0  0  0  10 0  0  5  5  5  5  5  5  5  5  5  0  0  0  0  0  0  9  9  0  0  0  
0  0  0  0  1  1  1  1  0  0  0  0  0  0  10 0  0  5  5  0  0  0  0  0  5  5  0  0  0  0  0  0  9  9  0  0  0  
0  0  0  0  1  1  0  1  1  0  0  0  0  0  0  10 0  5  5  0  0  0  0  0  5  5  0  0  0  0  0  0  9  9  0  0  0  
0  0  0  0  1  1  0  0  0  0  11 0  0  0  0  10 0  5  5  0  0  0  0  0  5  5  0  0  0  0  0  0  9  9  0  0  0  
0  0  0  0  1  1  0  0  0  11 11 0  0  0  0  10 0  5  5  0  0  0  0  0  5  5  0  0  12 12 0  9  9  9  0  0  0  
0  0  0  0  1  1  0  0  0  11 11 0  0  0  0  10 0  5  5  0  0  0  0  0  5  5  0  0  0  12 9  0  9  9  0  0  0  
0  0  0  0  1  1  0  0  0  11 11 0  0  0  0  10 0  0  0  0  0  0  0  0  5  0  0  0  0  9  9  9  9  0  0  0  0  
0  0  0  0  1  1  0  0  0  0  11 11 0  0  10 0  10 0  0  0  0  0  0  0  0  5  0  0  0  0  9  9  9  9  0  0  0  
0  0  0  0  0  0  0  0  0  0  0  0  0  0  0  0  0  0  0  0  0  0  0  0  0  0  0  0  0  0  0  0  0  0  0  0  0  
EQAry
[0]=0 [1]=1 [2]=2 [3]=2 [4]=1 [5]=5 [6]=6 [7]=1 [8]=1 [9]=9 [10]=10 [11]=11 [12]=9 
30 35 0 12
0  0  0  0  0  0  0  0  0  0  0  0  0  0  0  0  0  0  0  0  0  0  0  0  0  0  0  0  0  0  0  0  0  0  0  0  0  
0  0  0  0  0  0  0  0  0  0  0  0  0  0  0  0  0  0  0  0  0  0  0  0  0  0  0  0  0  0  0  0  0  0  0  0  0  
0  0  0  0  0  0  1  1  1  1  1  1  1  1  1  1  0  0  0  0  0  0  0  0  0  0  0  0  0  0  0  2  0  0  0  0  0  
0  0  0  0  0  0  1  1  1  1  1  1  1  1  1  1  0  0  0  0  0  0  0  0  0  0  2  2  2  0  0  2  2  0  0  0  0  
0  0  0  0  0  0  0  0  0  0  1  1  0  0  0  0  0  0  0  0  0  0  0  0  0  2  2  2  2  2  0  2  0  0  0  0  0  
0  0  0  0  0  0  0  0  0  0  1  1  0  0  0  0  0  0  0  0  0  0  0  0  2  2  0  0  0  2  2  0  0  0  0  0  0  
0  0  0  0  0  0  0  0  0  0  1  1  0  0  0  0  0  0  0  0  0  0  0  2  2  0  0  0  0  0  2  2  0  0  0  0  0  
0  0  0  0  0  0  0  0  0  0  1  1  0  0  0  0  0  0  0  0  0  0  0  2  2  0  0  0  0  0  2  2  0  0  0  0  0  
0  0  0  0  0  0  1  0  0  0  1  1  0  0  0  0  0  0  0  0  0  0  0  2  2  0  0  0  0  2  2  2  0  0  0  0  0  
0  0  0  0  0  0  0  1  0  0  1  1  0  0  0  0  0  0  0  0  0  0  0  0  2  2  0  0  0  2  2  0  0  0  0  0  0  
0  0  0  0  0  0  0  0  1  0  1  1  0  0  0  0  0  0  0  0  0  0  0  0  0  2  2  2  2  2  0  0  0  0  0  0  0  
0  0  0  0  0  0  0  0  0  1  1  1  1  0  0  0  0  0  0  0  0  0  0  0  0  0  2  2  2  0  0  0  0  0  0  0  0  
0  0  0  0  0  0  0  0  0  1  1  1  1  1  0  0  0  0  0  0  0  0  0  0  0  0  0  0  0  0  0  0  0  0  0  0  0  
0  0  0  0  0  0  0  0  0  0  0  0  1  0  0  0  0  0  0  0  0  0  0  0  0  0  0  0  0  0  0  0  0  0  0  0  0  
0  0  0  0  0  0  0  0  0  0  0  1  0  0  0  0  0  0  0  0  5  5  5  0  0  0  0  0  0  0  0  0  0  0  0  0  0  
0  0  0  0  0  0  0  0  0  0  1  0  0  0  0  0  0  0  0  5  5  5  5  5  0  0  0  0  0  0  0  0  0  0  0  0  0  
0  0  0  0  0  0  0  0  0  1  0  0  0  0  0  0  0  0  5  5  5  0  5  5  5  0  0  0  0  0  0  0  6  6  0  0  0  
0  0  0  0  0  0  0  0  1  0  0  0  0  0  0  0  0  5  5  0  0  0  0  0  5  5  0  0  0  0  0  0  6  6  0  0  0  
0  0  0  0  0  0  0  1  0  0  0  0  0  0  0  0  0  5  5  0  0  0  0  0  5  5  0  0  0  0  0  0  0  0  0  0  0  
0  0  0  0  1  1  1  0  0  0  1  1  0  0  0  0  0  5  5  0  0  0  0  0  5  5  0  0  0  0  0  0  9  9  0  0  0  
0  0  0  0  1  1  0  0  0  1  1  0  0  0  0  0  0  5  5  0  0  0  0  0  5  5  0  0  0  0  0  0  9  9  0  0  0  
0  0  0  0  1  1  0  0  1  1  0  0  0  10 0  0  0  5  5  0  0  0  0  0  5  5  0  0  0  0  0  0  9  9  0  0  0  
0  0  0  0  1  1  0  1  1  0  0  0  0  0  10 0  0  5  5  5  5  5  5  5  5  5  0  0  0  0  0  0  9  9  0  0  0  
0  0  0  0  1  1  0  1  1  0  0  0  0  0  10 0  0  5  5  5  5  5  5  5  5  5  0  0  0  0  0  0  9  9  0  0  0  
0  0  0  0  1  1  1  1  0  0  0  0  0  0  10 0  0  5  5  0  0  0  0  0  5  5  0  0  0  0  0  0  9  9  0  0  0  
0  0  0  0  1  1  0  1  1  0  0  0  0  0  0  10 0  5  5  0  0  0  0  0  5  5  0  0  0  0  0  0  9  9  0  0  0  
0  0  0  0  1  1  0  0  0  0  11 0  0  0  0  10 0  5  5  0  0  0  0  0  5  5  0  0  0  0  0  0  9  9  0  0  0  
0  0  0  0  1  1  0  0  0  11 11 0  0  0  0  10 0  5  5  0  0  0  0  0  5  5  0  0  9  9  0  9  9  9  0  0  0  
0  0  0  0  1  1  0  0  0  11 11 0  0  0  0  10 0  5  5  0  0  0  0  0  5  5  0  0  0  9  9  0  9  9  0  0  0  
0  0  0  0  1  1  0  0  0  11 11 0  0  0  0  10 0  0  0  0  0  0  0  0  5  0  0  0  0  9  9  9  9  0  0  0  0  
0  0  0  0  1  1  0  0  0  0  11 11 0  0  10 0  10 0  0  0  0  0  0  0  0  5  0  0  0  0  9  9  9  9  0  0  0  
0  0  0  0  0  0  0  0  0  0  0  0  0  0  0  0  0  0  0  0  0  0  0  0  0  0  0  0  0  0  0  0  0  0  0  0  0  
EQAry
[0]=0 [1]=1 [2]=2 [3]=2 [4]=1 [5]=5 [6]=6 [7]=1 [8]=1 [9]=9 [10]=10 [11]=11 [12]=9 
EQAry
[0]=0 [1]=1 [2]=2 [3]=2 [4]=1 [5]=3 [6]=4 [7]=1 [8]=1 [9]=5 [10]=6 [11]=7 [12]=5 
30 35 0 7
0  0  0  0  0  0  0  0  0  0  0  0  0  0  0  0  0  0  0  0  0  0  0  0  0  0  0  0  0  0  0  0  0  0  0  0  0  
0  0  0  0  0  0  0  0  0  0  0  0  0  0  0  0  0  0  0  0  0  0  0  0  0  0  0  0  0  0  0  0  0  0  0  0  0  
0  0  0  0  0  0  1  1  1  1  1  1  1  1  1  1  0  0  0  0  0  0  0  0  0  0  0  0  0  0  0  2  0  0  0  0  0  
0  0  0  0  0  0  1  1  1  1  1  1  1  1  1  1  0  0  0  0  0  0  0  0  0  0  2  2  2  0  0  2  2  0  0  0  0  
0  0  0  0  0  0  0  0  0  0  1  1  0  0  0  0  0  0  0  0  0  0  0  0  0  2  2  2  2  2  0  2  0  0  0  0  0  
0  0  0  0  0  0  0  0  0  0  1  1  0  0  0  0  0  0  0  0  0  0  0  0  2  2  0  0  0  2  2  0  0  0  0  0  0  
0  0  0  0  0  0  0  0  0  0  1  1  0  0  0  0  0  0  0  0  0  0  0  2  2  0  0  0  0  0  2  2  0  0  0  0  0  
0  0  0  0  0  0  0  0  0  0  1  1  0  0  0  0  0  0  0  0  0  0  0  2  2  0  0  0  0  0  2  2  0  0  0  0  0  
0  0  0  0  0  0  1  0  0  0  1  1  0  0  0  0  0  0  0  0  0  0  0  2  2  0  0  0  0  2  2  2  0  0  0  0  0  
0  0  0  0  0  0  0  1  0  0  1  1  0  0  0  0  0  0  0  0  0  0  0  0  2  2  0  0  0  2  2  0  0  0  0  0  0  
0  0  0  0  0  0  0  0  1  0  1  1  0  0  0  0  0  0  0  0  0  0  0  0  0  2  2  2  2  2  0  0  0  0  0  0  0  
0  0  0  0  0  0  0  0  0  1  1  1  1  0  0  0  0  0  0  0  0  0  0  0  0  0  2  2  2  0  0  0  0  0  0  0  0  
0  0  0  0  0  0  0  0  0  1  1  1  1  1  0  0  0  0  0  0  0  0  0  0  0  0  0  0  0  0  0  0  0  0  0  0  0  
0  0  0  0  0  0  0  0  0  0  0  0  1  0  0  0  0  0  0  0  0  0  0  0  0  0  0  0  0  0  0  0  0  0  0  0  0  
0  0  0  0  0  0  0  0  0  0  0  1  0  0  0  0  0  0  0  0  3  3  3  0  0  0  0  0  0  0  0  0  0  0  0  0  0  
0  0  0  0  0  0  0  0  0  0  1  0  0  0  0  0  0  0  0  3  3  3  3  3  0  0  0  0  0  0  0  0  0  0  0  0  0  
0  0  0  0  0  0  0  0  0  1  0  0  0  0  0  0  0  0  3  3  3  0  3  3  3  0  0  0  0  0  0  0  4  4  0  0  0  
0  0  0  0  0  0  0  0  1  0  0  0  0  0  0  0  0  3  3  0  0  0  0  0  3  3  0  0  0  0  0  0  4  4  0  0  0  
0  0  0  0  0  0  0  1  0  0  0  0  0  0  0  0  0  3  3  0  0  0  0  0  3  3  0  0  0  0  0  0  0  0  0  0  0  
0  0  0  0  1  1  1  0  0  0  1  1  0  0  0  0  0  3  3  0  0  0  0  0  3  3  0  0  0  0  0  0  5  5  0  0  0  
0  0  0  0  1  1  0  0  0  1  1  0  0  0  0  0  0  3  3  0  0  0  0  0  3  3  0  0  0  0  0  0  5  5  0  0  0  
0  0  0  0  1  1  0  0  1  1  0  0  0  6  0  0  0  3  3  0  0  0  0  0  3  3  0  0  0  0  0  0  5  5  0  0  0  
0  0  0  0  1  1  0  1  1  0  0  0  0  0  6  0  0  3  3  3  3  3  3  3  3  3  0  0  0  0  0  0  5  5  0  0  0  
0  0  0  0  1  1  0  1  1  0  0  0  0  0  6  0  0  3  3  3  3  3  3  3  3  3  0  0  0  0  0  0  5  5  0  0  0  
0  0  0  0  1  1  1  1  0  0  0  0  0  0  6  0  0  3  3  0  0  0  0  0  3  3  0  0  0  0  0  0  5  5  0  0  0  
0  0  0  0  1  1  0  1  1  0  0  0  0  0  0  6  0  3  3  0  0  0  0  0  3  3  0  0  0  0  0  0  5  5  0  0  0  
0  0  0  0  1  1  0  0  0  0  7  0  0  0  0  6  0  3  3  0  0  0  0  0  3  3  0  0  0  0  0  0  5  5  0  0  0  
0  0  0  0  1  1  0  0  0  7  7  0  0  0  0  6  0  3  3  0  0  0  0  0  3  3  0  0  5  5  0  5  5  5  0  0  0  
0  0  0  0  1  1  0  0  0  7  7  0  0  0  0  6  0  3  3  0  0  0  0  0  3  3  0  0  0  5  5  0  5  5  0  0  0  
0  0  0  0  1  1  0  0  0  7  7  0  0  0  0  6  0  0  0  0  0  0  0  0  3  0  0  0  0  5  5  5  5  0  0  0  0  
0  0  0  0  1  1  0  0  0  0  7  7  0  0  6  0  6  0  0  0  0  0  0  0  0  3  0  0  0  0  5  5  5  5  0  0  0  
0  0  0  0  0  0  0  0  0  0  0  0  0  0  0  0  0  0  0  0  0  0  0  0  0  0  0  0  0  0  0  0  0  0  0  0  0  
EQAry
[0]=0 [1]=1 [2]=2 [3]=2 [4]=1 [5]=3 [6]=4 [7]=1 [8]=1 [9]=5 [10]=6 [11]=7 [12]=5 
30 35 0 7
0  0  0  0  0  0  0  0  0  0  0  0  0  0  0  0  0  0  0  0  0  0  0  0  0  0  0  0  0  0  0  0  0  0  0  0  0  
0  0  0  0  0  0  0  0  0  0  0  0  0  0  0  0  0  0  0  0  0  0  0  0  0  0  0  0  0  0  0  0  0  0  0  0  0  
0  0  0  0  1  1  1  1  1  1  1  1  1  1  1  1  0  0  0  0  0  0  0  0  2  2  2  2  2  2  2  2  2  0  0  0  0  
0  0  0  0  1  0  1  1  1  1  1  1  1  1  1  1  0  0  0  0  0  0  0  0  2  0  2  2  2  0  0  2  2  0  0  0  0  
0  0  0  0  1  0  0  0  0  0  1  1  0  0  0  1  0  0  0  0  0  0  0  0  2  2  2  2  2  2  0  2  2  0  0  0  0  
0  0  0  0  1  0  0  0  0  0  1  1  0  0  0  1  0  0  0  0  0  0  0  0  2  2  0  0  0  2  2  0  2  0  0  0  0  
0  0  0  0  1  0  0  0  0  0  1  1  0  0  0  1  0  0  0  0  0  0  0  2  2  0  0  0  0  0  2  2  2  0  0  0  0  
0  0  0  0  1  0  0  0  0  0  1  1  0  0  0  1  0  0  0  0  0  0  0  2  2  0  0  0  0  0  2  2  2  0  0  0  0  
0  0  0  0  1  0  1  0  0  0  1  1  0  0  0  1  0  0  0  0  0  0  0  2  2  0  0  0  0  2  2  2  2  0  0  0  0  
0  0  0  0  1  0  0  1  0  0  1  1  0  0  0  1  0  0  0  0  0  0  0  0  2  2  0  0  0  2  2  0  2  0  0  0  0  
0  0  0  0  1  0  0  0  1  0  1  1  0  0  0  1  0  0  0  0  0  0  0  0  2  2  2  2  2  2  0  0  2  0  0  0  0  
0  0  0  0  1  0  0  0  0  1  1  1  1  0  0  1  0  0  0  0  0  0  0  0  2  2  2  2  2  2  2  2  2  0  0  0  0  
0  0  0  0  1  0  0  0  0  1  1  1  1  1  0  1  0  0  0  0  0  0  0  0  0  0  0  0  0  0  0  0  0  0  0  0  0  
0  0  0  0  1  0  0  0  0  0  0  0  1  0  0  1  0  0  0  0  0  0  0  0  0  0  0  0  0  0  0  0  0  0  0  0  0  
0  0  0  0  1  0  0  0  0  0  0  1  0  0  0  1  0  0  3  3  3  3  3  3  3  3  0  0  0  0  0  0  0  0  0  0  0  
0  0  0  0  1  0  0  0  0  0  1  0  0  0  0  1  0  0  3  3  3  3  3  3  0  3  0  0  0  0  0  0  0  0  0  0  0  
0  0  0  0  1  0  0  0  0  1  0  0  0  0  0  1  0  0  3  3  3  0  3  3  3  3  0  0  0  0  0  0  4  4  0  0  0  
0  0  0  0  1  0  0  0  1  0  0  0  0  0  0  1  0  3  3  0  0  0  0  0  3  3  0  0  0  0  0  0  4  4  0  0  0  
0  0  0  0  1  0  0  1  0  0  0  0  0  0  0  1  0  3  3  0  0  0  0  0  3  3  0  0  0  0  0  0  0  0  0  0  0  
0  0  0  0  1  1  1  0  0  0  1  1  0  0  0  1  0  3  3  0  0  0  0  0  3  3  0  0  5  5  5  5  5  5  0  0  0  
0  0  0  0  1  1  0  0  0  1  1  0  0  0  0  1  0  3  3  0  0  0  0  0  3  3  0  0  5  0  0  0  5  5  0  0  0  
0  0  0  0  1  1  0  0  1  1  0  0  0  6  6  6  6  3  3  0  0  0  0  0  3  3  0  0  5  0  0  0  5  5  0  0  0  
0  0  0  0  1  1  0  1  1  0  0  0  0  6  6  1  6  3  3  3  3  3  3  3  3  3  0  0  5  0  0  0  5  5  0  0  0  
0  0  0  0  1  1  0  1  1  0  0  0  0  6  6  1  6  3  3  3  3  3  3  3  3  3  0  0  5  0  0  0  5  5  0  0  0  
0  0  0  0  1  1  1  1  0  0  0  0  0  6  6  1  6  3  3  0  0  0  0  0  3  3  0  0  5  0  0  0  5  5  0  0  0  
0  0  0  0  1  1  0  1  1  0  0  0  0  6  0  1  6  3  3  0  0  0  0  0  3  3  0  0  5  0  0  0  5  5  0  0  0  
0  0  0  0  1  1  0  0  0  0  7  7  0  6  0  1  6  3  3  0  0  0  0  0  3  3  0  0  5  0  0  0  5  5  0  0  0  
0  0  0  0  1  1  0  0  0  7  7  7  0  6  0  1  6  3  3  0  0  0  0  0  3  3  0  0  5  5  0  5  5  5  0  0  0  
0  0  0  0  1  1  0  0  0  7  7  7  0  6  0  1  6  3  3  0  0  0  0  0  3  3  0  0  5  5  5  0  5  5  0  0  0  
0  0  0  0  1  1  0  0  0  7  7  7  0  6  0  1  6  0  3  0  0  0  0  0  3  3  0  0  5  5  5  5  5  5  0  0  0  
0  0  0  0  1  1  1  1  1  1  7  7  1  6  6  6  6  0  3  3  3  3  3  3  3  3  0  0  5  5  5  5  5  5  0  0  0  
0  0  0  0  0  0  0  0  0  0  0  0  0  0  0  0  0  0  0  0  0  0  0  0  0  0  0  0  0  0  0  0  0  0  0  0  0  
trueNumCC : 7