30 35 0 37
0  0  0  0  0  0  0  0  0  0  0  0  0  0  0  0  0  0  0  0  0  0  0  0  0  0  0  0  0  0  0  0  0  0  0  0  0  
0  0  0  0  0  0  0  0  0  0  0  0  0  0  0  0  0  0  0  0  0  0  0  0  0  0  0  0  0  0  0  0  0  0  0  0  0  
0  0  0  0  0  0  1  1  1  1  1  1  1  1  1  1  0  0  0  0  0  0  0  0  0  0  0  0  0  0  0  2  0  0  0  0  0  
0  0  0  0  0  0  1  1  1  1  1  1  1  1  1  1  0  0  0  0  0  0  0  0  0  0  3  3  3  0  0  2  2  0  0  0  0  
0  0  0  0  0  0  0  0  0  0  1  1  0  0  0  0  0  0  0  0  0  0  0  0  0  4  3  3  3  3  0  2  0  0  0  0  0  
0  0  0  0  0  0  0  0  0  0  1  1  0  0  0  0  0  0  0  0  0  0  0  0  5  4  0  0  0  3  3  0  0  0  0  0  0  
0  0  0  0  0  0  0  0  0  0  1  1  0  0  0  0  0  0  0  0  0  0  0  6  5  0  0  0  0  0  3  3  0  0  0  0  0  
0  0  0  0  0  0  0  0  0  0  1  1  0  0  0  0  0  0  0  0  0  0  0  6  5  0  0  0  0  0  3  3  0  0  0  0  0  
0  0  0  0  0  0  7  0  0  0  1  1  0  0  0  0  0  0  0  0  0  0  0  6  5  0  0  0  0  8  3  3  0  0  0  0  0  
0  0  0  0  0  0  0  9  0  0  1  1  0  0  0  0  0  0  0  0  0  0  0  0  5  5  0  0  0  8  3  0  0  0  0  0  0  
0  0  0  0  0  0  0  0  10 0  1  1  0  0  0  0  0  0  0  0  0  0  0  0  0  5  5  5  5  5  0  0  0  0  0  0  0  
0  0  0  0  0  0  0  0  0  11 1  1  1  0  0  0  0  0  0  0  0  0  0  0  0  0  5  5  5  0  0  0  0  0  0  0  0  
0  0  0  0  0  0  0  0  0  11 1  1  1  1  0  0  0  0  0  0  0  0  0  0  0  0  0  0  0  0  0  0  0  0  0  0  0  
0  0  0  0  0  0  0  0  0  0  0  0  1  0  0  0  0  0  0  0  0  0  0  0  0  0  0  0  0  0  0  0  0  0  0  0  0  
0  0  0  0  0  0  0  0  0  0  0  12 0  0  0  0  0  0  0  0  13 13 13 0  0  0  0  0  0  0  0  0  0  0  0  0  0  
0  0  0  0  0  0  0  0  0  0  14 0  0  0  0  0  0  0  0  15 13 13 13 13 0  0  0  0  0  0  0  0  0  0  0  0  0  
0  0  0  0  0  0  0  0  0  16 0  0  0  0  0  0  0  0  17 15 13 0  13 13 13 0  0  0  0  0  0  0  18 18 0  0  0  
0  0  0  0  0  0  0  0  19 0  0  0  0  0  0  0  0  20 17 0  0  0  0  0  13 13 0  0  0  0  0  0  18 18 0  0  0  
0  0  0  0  0  0  0  21 0  0  0  0  0  0  0  0  0  20 17 0  0  0  0  0  13 13 0  0  0  0  0  0  0  0  0  0  0  
0  0  0  0  22 22 22 0  0  0  23 23 0  0  0  0  0  20 17 0  0  0  0  0  13 13 0  0  0  0  0  0  24 24 0  0  0  
0  0  0  0  22 22 0  0  0  25 23 0  0  0  0  0  0  20 17 0  0  0  0  0  13 13 0  0  0  0  0  0  24 24 0  0  0  
0  0  0  0  22 22 0  0  26 25 0  0  0  27 0  0  0  20 17 0  0  0  0  0  13 13 0  0  0  0  0  0  24 24 0  0  0  
0  0  0  0  22 22 0  28 26 0  0  0  0  0  29 0  0  20 17 17 17 17 17 17 13 13 0  0  0  0  0  0  24 24 0  0  0  
0  0  0  0  22 22 0  28 26 0  0  0  0  0  29 0  0  20 17 17 17 17 17 17 13 13 0  0  0  0  0  0  24 24 0  0  0  
0  0  0  0  22 22 22 22 0  0  0  0  0  0  29 0  0  20 17 0  0  0  0  0  13 13 0  0  0  0  0  0  24 24 0  0  0  
0  0  0  0  22 22 0  22 22 0  0  0  0  0  0  30 0  20 17 0  0  0  0  0  13 13 0  0  0  0  0  0  24 24 0  0  0  
0  0  0  0  22 22 0  0  0  0  31 0  0  0  0  30 0  20 17 0  0  0  0  0  13 13 0  0  0  0  0  0  24 24 0  0  0  
0  0  0  0  22 22 0  0  0  32 31 0  0  0  0  30 0  20 17 0  0  0  0  0  13 13 0  0  33 33 0  34 24 24 0  0  0  
0  0  0  0  22 22 0  0  0  32 31 0  0  0  0  30 0  20 17 0  0  0  0  0  13 13 0  0  0  33 33 0  24 24 0  0  0  
0  0  0  0  22 22 0  0  0  32 31 0  0  0  0  30 0  0  0  0  0  0  0  0  13 0  0  0  0  33 33 33 24 0  0  0  0  
0  0  0  0  22 22 0  0  0  0  31 31 0  0  35 0  36 0  0  0  0  0  0  0  0  37 0  0  0  0  33 33 24 24 0  0  0  
0  0  0  0  0  0  0  0  0  0  0  0  0  0  0  0  0  0  0  0  0  0  0  0  0  0  0  0  0  0  0  0  0  0  0  0  0  
EQAry
[0]=0 [1]=1 [2]=2 [3]=3 [4]=3 [5]=4 [6]=5 [7]=7 [8]=5 [9]=9 [10]=10 [11]=1 [12]=12 [13]=13 [14]=14 [15]=13 [16]=16 [17]=13 [18]=18 [19]=19 [20]=17 [21]=21 [22]=22 [23]=23 [24]=24 [25]=23 [26]=25 [27]=27 [28]=22 [29]=29 [30]=30 [31]=31 [32]=31 [33]=24 [34]=24 [35]=35 [36]=36 [37]=37 
30 35 0 37
0  0  0  0  0  0  0  0  0  0  0  0  0  0  0  0  0  0  0  0  0  0  0  0  0  0  0  0  0  0  0  0  0  0  0  0  0  
0  0  0  0  0  0  0  0  0  0  0  0  0  0  0  0  0  0  0  0  0  0  0  0  0  0  0  0  0  0  0  0  0  0  0  0  0  
0  0  0  0  0  0  1  1  1  1  1  1  1  1  1  1  0  0  0  0  0  0  0  0  0  0  0  0  0  0  0  2  0  0  0  0  0  
0  0  0  0  0  0  1  1  1  1  1  1  1  1  1  1  0  0  0  0  0  0  0  0  0  0  3  3  3  0  0  2  2  0  0  0  0  
0  0  0  0  0  0  0  0  0  0  1  1  0  0  0  0  0  0  0  0  0  0  0  0  0  3  3  3  3  3  0  2  0  0  0  0  0  
0  0  0  0  0  0  0  0  0  0  1  1  0  0  0  0  0  0  0  0  0  0  0  0  4  4  0  0  0  3  3  0  0  0  0  0  0  
0  0  0  0  0  0  0  0  0  0  1  1  0  0  0  0  0  0  0  0  0  0  0  5  5  0  0  0  0  0  3  3  0  0  0  0  0  
0  0  0  0  0  0  0  0  0  0  1  1  0  0  0  0  0  0  0  0  0  0  0  5  5  0  0  0  0  0  3  3  0  0  0  0  0  
0  0  0  0  0  0  7  0  0  0  1  1  0  0  0  0  0  0  0  0  0  0  0  5  5  0  0  0  0  3  3  3  0  0  0  0  0  
0  0  0  0  0  0  0  9  0  0  1  1  0  0  0  0  0  0  0  0  0  0  0  0  5  5  0  0  0  3  3  0  0  0  0  0  0  
0  0  0  0  0  0  0  0  10 0  1  1  0  0  0  0  0  0  0  0  0  0  0  0  0  5  5  5  5  5  0  0  0  0  0  0  0  
0  0  0  0  0  0  0  0  0  1  1  1  1  0  0  0  0  0  0  0  0  0  0  0  0  0  5  5  5  0  0  0  0  0  0  0  0  
0  0  0  0  0  0  0  0  0  1  1  1  1  1  0  0  0  0  0  0  0  0  0  0  0  0  0  0  0  0  0  0  0  0  0  0  0  
0  0  0  0  0  0  0  0  0  0  0  0  1  0  0  0  0  0  0  0  0  0  0  0  0  0  0  0  0  0  0  0  0  0  0  0  0  
0  0  0  0  0  0  0  0  0  0  0  12 0  0  0  0  0  0  0  0  13 13 13 0  0  0  0  0  0  0  0  0  0  0  0  0  0  
0  0  0  0  0  0  0  0  0  0  14 0  0  0  0  0  0  0  0  13 13 13 13 13 0  0  0  0  0  0  0  0  0  0  0  0  0  
0  0  0  0  0  0  0  0  0  16 0  0  0  0  0  0  0  0  13 13 13 0  13 13 13 0  0  0  0  0  0  0  18 18 0  0  0  
0  0  0  0  0  0  0  0  19 0  0  0  0  0  0  0  0  13 13 0  0  0  0  0  13 13 0  0  0  0  0  0  18 18 0  0  0  
0  0  0  0  0  0  0  21 0  0  0  0  0  0  0  0  0  13 13 0  0  0  0  0  13 13 0  0  0  0  0  0  0  0  0  0  0  
0  0  0  0  22 22 22 0  0  0  23 23 0  0  0  0  0  13 13 0  0  0  0  0  13 13 0  0  0  0  0  0  24 24 0  0  0  
0  0  0  0  22 22 0  0  0  23 23 0  0  0  0  0  0  13 13 0  0  0  0  0  13 13 0  0  0  0  0  0  24 24 0  0  0  
0  0  0  0  22 22 0  0  25 25 0  0  0  27 0  0  0  13 13 0  0  0  0  0  13 13 0  0  0  0  0  0  24 24 0  0  0  
0  0  0  0  22 22 0  22 26 0  0  0  0  0  29 0  0  13 13 13 13 13 13 13 13 13 0  0  0  0  0  0  24 24 0  0  0  
0  0  0  0  22 22 0  22 26 0  0  0  0  0  29 0  0  13 13 13 13 13 13 13 13 13 0  0  0  0  0  0  24 24 0  0  0  
0  0  0  0  22 22 22 22 0  0  0  0  0  0  29 0  0  17 17 0  0  0  0  0  13 13 0  0  0  0  0  0  24 24 0  0  0  
0  0  0  0  22 22 0  22 22 0  0  0  0  0  0  30 0  17 17 0  0  0  0  0  13 13 0  0  0  0  0  0  24 24 0  0  0  
0  0  0  0  22 22 0  0  0  0  31 0  0  0  0  30 0  17 17 0  0  0  0  0  13 13 0  0  0  0  0  0  24 24 0  0  0  
0  0  0  0  22 22 0  0  0  31 31 0  0  0  0  30 0  17 17 0  0  0  0  0  13 13 0  0  24 24 0  24 24 24 0  0  0  
0  0  0  0  22 22 0  0  0  31 31 0  0  0  0  30 0  17 17 0  0  0  0  0  13 13 0  0  0  24 24 0  24 24 0  0  0  
0  0  0  0  22 22 0  0  0  31 31 0  0  0  0  30 0  0  0  0  0  0  0  0  13 0  0  0  0  24 24 24 24 0  0  0  0  
0  0  0  0  22 22 0  0  0  0  31 31 0  0  35 0  36 0  0  0  0  0  0  0  0  37 0  0  0  0  24 24 24 24 0  0  0  
0  0  0  0  0  0  0  0  0  0  0  0  0  0  0  0  0  0  0  0  0  0  0  0  0  0  0  0  0  0  0  0  0  0  0  0  0  
EQAry
[0]=0 [1]=1 [2]=2 [3]=3 [4]=3 [5]=4 [6]=5 [7]=7 [8]=3 [9]=9 [10]=10 [11]=1 [12]=12 [13]=13 [14]=14 [15]=13 [16]=16 [17]=13 [18]=18 [19]=19 [20]=13 [21]=21 [22]=22 [23]=23 [24]=24 [25]=23 [26]=25 [27]=27 [28]=22 [29]=29 [30]=30 [31]=31 [32]=31 [33]=24 [34]=24 [35]=35 [36]=36 [37]=37 
EQAry
[0]=0 [1]=1 [2]=2 [3]=3 [4]=3 [5]=3 [6]=3 [7]=4 [8]=3 [9]=5 [10]=6 [11]=1 [12]=7 [13]=8 [14]=9 [15]=8 [16]=10 [17]=8 [18]=11 [19]=12 [20]=8 [21]=13 [22]=14 [23]=15 [24]=16 [25]=15 [26]=15 [27]=17 [28]=14 [29]=18 [30]=19 [31]=20 [32]=20 [33]=16 [34]=16 [35]=21 [36]=22 [37]=23 
30 35 0 23
0  0  0  0  0  0  0  0  0  0  0  0  0  0  0  0  0  0  0  0  0  0  0  0  0  0  0  0  0  0  0  0  0  0  0  0  0  
0  0  0  0  0  0  0  0  0  0  0  0  0  0  0  0  0  0  0  0  0  0  0  0  0  0  0  0  0  0  0  0  0  0  0  0  0  
0  0  0  0  0  0  1  1  1  1  1  1  1  1  1  1  0  0  0  0  0  0  0  0  0  0  0  0  0  0  0  2  0  0  0  0  0  
0  0  0  0  0  0  1  1  1  1  1  1  1  1  1  1  0  0  0  0  0  0  0  0  0  0  3  3  3  0  0  2  2  0  0  0  0  
0  0  0  0  0  0  0  0  0  0  1  1  0  0  0  0  0  0  0  0  0  0  0  0  0  3  3  3  3  3  0  2  0  0  0  0  0  
0  0  0  0  0  0  0  0  0  0  1  1  0  0  0  0  0  0  0  0  0  0  0  0  3  3  0  0  0  3  3  0  0  0  0  0  0  
0  0  0  0  0  0  0  0  0  0  1  1  0  0  0  0  0  0  0  0  0  0  0  3  3  0  0  0  0  0  3  3  0  0  0  0  0  
0  0  0  0  0  0  0  0  0  0  1  1  0  0  0  0  0  0  0  0  0  0  0  3  3  0  0  0  0  0  3  3  0  0  0  0  0  
0  0  0  0  0  0  4  0  0  0  1  1  0  0  0  0  0  0  0  0  0  0  0  3  3  0  0  0  0  3  3  3  0  0  0  0  0  
0  0  0  0  0  0  0  5  0  0  1  1  0  0  0  0  0  0  0  0  0  0  0  0  3  3  0  0  0  3  3  0  0  0  0  0  0  
0  0  0  0  0  0  0  0  6  0  1  1  0  0  0  0  0  0  0  0  0  0  0  0  0  3  3  3  3  3  0  0  0  0  0  0  0  
0  0  0  0  0  0  0  0  0  1  1  1  1  0  0  0  0  0  0  0  0  0  0  0  0  0  3  3  3  0  0  0  0  0  0  0  0  
0  0  0  0  0  0  0  0  0  1  1  1  1  1  0  0  0  0  0  0  0  0  0  0  0  0  0  0  0  0  0  0  0  0  0  0  0  
0  0  0  0  0  0  0  0  0  0  0  0  1  0  0  0  0  0  0  0  0  0  0  0  0  0  0  0  0  0  0  0  0  0  0  0  0  
0  0  0  0  0  0  0  0  0  0  0  7  0  0  0  0  0  0  0  0  8  8  8  0  0  0  0  0  0  0  0  0  0  0  0  0  0  
0  0  0  0  0  0  0  0  0  0  9  0  0  0  0  0  0  0  0  8  8  8  8  8  0  0  0  0  0  0  0  0  0  0  0  0  0  
0  0  0  0  0  0  0  0  0  10 0  0  0  0  0  0  0  0  8  8  8  0  8  8  8  0  0  0  0  0  0  0  11 11 0  0  0  
0  0  0  0  0  0  0  0  12 0  0  0  0  0  0  0  0  8  8  0  0  0  0  0  8  8  0  0  0  0  0  0  11 11 0  0  0  
0  0  0  0  0  0  0  13 0  0  0  0  0  0  0  0  0  8  8  0  0  0  0  0  8  8  0  0  0  0  0  0  0  0  0  0  0  
0  0  0  0  14 14 14 0  0  0  15 15 0  0  0  0  0  8  8  0  0  0  0  0  8  8  0  0  0  0  0  0  16 16 0  0  0  
0  0  0  0  14 14 0  0  0  15 15 0  0  0  0  0  0  8  8  0  0  0  0  0  8  8  0  0  0  0  0  0  16 16 0  0  0  
0  0  0  0  14 14 0  0  15 15 0  0  0  17 0  0  0  8  8  0  0  0  0  0  8  8  0  0  0  0  0  0  16 16 0  0  0  
0  0  0  0  14 14 0  14 15 0  0  0  0  0  18 0  0  8  8  8  8  8  8  8  8  8  0  0  0  0  0  0  16 16 0  0  0  
0  0  0  0  14 14 0  14 15 0  0  0  0  0  18 0  0  8  8  8  8  8  8  8  8  8  0  0  0  0  0  0  16 16 0  0  0  
0  0  0  0  14 14 14 14 0  0  0  0  0  0  18 0  0  8  8  0  0  0  0  0  8  8  0  0  0  0  0  0  16 16 0  0  0  
0  0  0  0  14 14 0  14 14 0  0  0  0  0  0  19 0  8  8  0  0  0  0  0  8  8  0  0  0  0  0  0  16 16 0  0  0  
0  0  0  0  14 14 0  0  0  0  20 0  0  0  0  19 0  8  8  0  0  0  0  0  8  8  0  0  0  0  0  0  16 16 0  0  0  
0  0  0  0  14 14 0  0  0  20 20 0  0  0  0  19 0  8  8  0  0  0  0  0  8  8  0  0  16 16 0  16 16 16 0  0  0  
0  0  0  0  14 14 0  0  0  20 20 0  0  0  0  19 0  8  8  0  0  0  0  0  8  8  0  0  0  16 16 0  16 16 0  0  0  
0  0  0  0  14 14 0  0  0  20 20 0  0  0  0  19 0  0  0  0  0  0  0  0  8  0  0  0  0  16 16 16 16 0  0  0  0  
0  0  0  0  14 14 0  0  0  0  20 20 0  0  21 0  22 0  0  0  0  0  0  0  0  23 0  0  0  0  16 16 16 16 0  0  0  
0  0  0  0  0  0  0  0  0  0  0  0  0  0  0  0  0  0  0  0  0  0  0  0  0  0  0  0  0  0  0  0  0  0  0  0  0  
EQAry
[0]=0 [1]=1 [2]=2 [3]=3 [4]=3 [5]=3 [6]=3 [7]=4 [8]=3 [9]=5 [10]=6 [11]=1 [12]=7 [13]=8 [14]=9 [15]=8 [16]=10 [17]=8 [18]=11 [19]=12 [20]=8 [21]=13 [22]=14 [23]=15 [24]=16 [25]=15 [26]=15 [27]=17 [28]=14 [29]=18 [30]=19 [31]=20 [32]=20 [33]=16 [34]=16 [35]=21 [36]=22 [37]=23 
30 35 0 23
0  0  0  0  0  0  0  0  0  0  0  0  0  0  0  0  0  0  0  0  0  0  0  0  0  0  0  0  0  0  0  0  0  0  0  0  0  
0  0  0  0  0  0  0  0  0  0  0  0  0  0  0  0  0  0  0  0  0  0  0  0  0  0  0  0  0  0  0  0  0  0  0  0  0  
0  0  0  0  0  0  1  1  1  1  1  1  1  1  1  1  0  0  0  0  0  0  0  0  0  0  0  0  0  0  0  2  2  0  0  0  0  
0  0  0  0  0  0  1  1  1  1  1  1  1  1  1  1  0  0  0  0  0  0  0  0  3  3  3  3  3  3  3  3  2  0  0  0  0  
0  0  0  0  0  0  1  0  0  0  1  1  0  0  0  1  0  0  0  0  0  0  0  0  3  3  3  3  3  3  0  3  2  0  0  0  0  
0  0  0  0  0  0  1  0  0  0  1  1  0  0  0  1  0  0  0  0  0  0  0  0  3  3  0  0  0  3  3  3  0  0  0  0  0  
0  0  0  0  0  0  1  0  0  0  1  1  0  0  0  1  0  0  0  0  0  0  0  3  3  0  0  0  0  0  3  3  0  0  0  0  0  
0  0  0  0  0  0  1  0  0  0  1  1  0  0  0  1  0  0  0  0  0  0  0  3  3  0  0  0  0  0  3  3  0  0  0  0  0  
0  0  0  0  0  0  4  0  0  0  1  1  0  0  0  1  0  0  0  0  0  0  0  3  3  0  0  0  0  3  3  3  0  0  0  0  0  
0  0  0  0  0  0  1  5  0  0  1  1  0  0  0  1  0  0  0  0  0  0  0  0  3  3  0  0  0  3  3  3  0  0  0  0  0  
0  0  0  0  0  0  1  0  6  0  1  1  0  0  0  1  0  0  0  0  0  0  0  0  3  3  3  3  3  3  0  3  0  0  0  0  0  
0  0  0  0  0  0  1  0  0  1  1  1  1  0  0  1  0  0  0  0  0  0  0  0  3  3  3  3  3  3  3  3  0  0  0  0  0  
0  0  0  0  0  0  1  0  0  1  1  1  1  1  0  1  0  0  0  0  0  0  0  0  0  0  0  0  0  0  0  0  0  0  0  0  0  
0  0  0  0  0  0  1  1  1  1  1  1  1  1  1  1  0  0  0  0  0  0  0  0  0  0  0  0  0  0  0  0  0  0  0  0  0  
0  0  0  0  0  0  0  0  0  0  0  7  0  0  0  0  0  0  8  8  8  8  8  8  8  8  0  0  0  0  0  0  0  0  0  0  0  
0  0  0  0  0  0  0  0  0  0  9  0  0  0  0  0  0  0  8  8  8  8  8  8  0  8  0  0  0  0  0  0  0  0  0  0  0  
0  0  0  0  0  0  0  0  0  10 0  0  0  0  0  0  0  0  8  8  8  0  8  8  8  8  0  0  0  0  0  0  11 11 0  0  0  
0  0  0  0  0  0  0  0  12 0  0  0  0  0  0  0  0  8  8  0  0  0  0  0  8  8  0  0  0  0  0  0  11 11 0  0  0  
0  0  0  0  0  0  0  13 0  0  0  0  0  0  0  0  0  8  8  0  0  0  0  0  8  8  0  0  0  0  0  0  0  0  0  0  0  
0  0  0  0  14 14 14 14 15 15 15 15 0  0  0  0  0  8  8  0  0  0  0  0  8  8  0  0  16 16 16 16 16 16 0  0  0  
0  0  0  0  14 14 0  0  15 15 15 15 0  0  0  0  0  8  8  0  0  0  0  0  8  8  0  0  16 0  0  0  16 16 0  0  0  
0  0  0  0  14 14 0  0  15 15 0  15 0  17 0  0  0  8  8  0  0  0  0  0  8  8  0  0  16 0  0  0  16 16 0  0  0  
0  0  0  0  14 14 0  14 15 0  0  15 0  0  18 0  0  8  8  8  8  8  8  8  8  8  0  0  16 0  0  0  16 16 0  0  0  
0  0  0  0  14 14 0  14 15 15 15 15 0  0  18 0  0  8  8  8  8  8  8  8  8  8  0  0  16 0  0  0  16 16 0  0  0  
0  0  0  0  14 14 14 14 14 0  0  0  0  0  18 0  0  8  8  0  0  0  0  0  8  8  0  0  16 0  0  0  16 16 0  0  0  
0  0  0  0  14 14 0  14 14 0  0  0  0  0  0  19 0  8  8  0  0  0  0  0  8  8  0  0  16 0  0  0  16 16 0  0  0  
0  0  0  0  14 14 0  0  14 0  20 20 0  0  0  19 0  8  8  0  0  0  0  0  8  8  0  0  16 0  0  0  16 16 0  0  0  
0  0  0  0  14 14 0  0  14 20 20 20 0  0  0  19 0  8  8  0  0  0  0  0  8  8  0  0  16 16 0  16 16 16 0  0  0  
0  0  0  0  14 14 0  0  14 20 20 20 0  0  0  19 0  8  8  0  0  0  0  0  8  8  0  0  16 16 16 0  16 16 0  0  0  
0  0  0  0  14 14 0  0  14 20 20 20 0  0  0  19 0  0  8  8  8  8  8  8  8  8  0  0  16 16 16 16 16 16 0  0  0  
0  0  0  0  14 14 14 14 14 0  20 20 0  0  21 0  22 0  0  0  0  0  0  0  0  23 0  0  16 16 16 16 16 16 0  0  0  
0  0  0  0  0  0  0  0  0  0  0  0  0  0  0  0  0  0  0  0  0  0  0  0  0  0  0  0  0  0  0  0  0  0  0  0  0  
trueNumCC : 23