30 40 0 104
0   0   0   0   0   0   0   0   0   0   0   0   0   0   0   0   0   0   0   0   0   0   0   0   0   0   0   0   0   0   0   0   0   0   0   0   0   0   0   0   0   0   
0   0   0   0   0   0   0   1   0   0   0   0   0   0   0   0   0   0   0   0   0   0   0   0   2   0   0   0   3   0   0   0   0   0   0   0   0   0   0   4   0   0   
0   0   5   0   0   0   0   1   0   0   0   0   0   0   0   0   0   0   0   0   0   0   0   6   2   0   0   0   3   3   0   0   0   0   0   0   0   0   0   4   0   0   
0   7   5   5   0   0   8   1   1   0   0   0   0   0   0   0   0   0   0   0   0   0   0   0   2   0   0   0   3   3   0   9   9   9   9   0   0   0   10  4   0   0   
0   0   0   5   5   5   5   1   1   1   0   0   0   0   0   0   0   0   0   0   0   0   0   0   0   11  0   0   0   0   12  0   0   9   0   13  0   0   10  4   0   0   
0   0   0   0   5   5   5   1   0   1   1   0   0   0   0   0   0   0   0   14  14  14  0   0   0   0   15  0   0   0   0   0   16  0   17  0   0   18  10  0   0   0   
0   0   19  0   5   5   0   1   1   1   1   0   0   0   0   0   0   0   20  14  14  14  14  0   0   0   15  0   0   0   0   0   16  0   0   21  0   18  0   0   0   0   
0   0   0   0   5   5   5   1   1   1   1   0   0   0   0   0   0   22  20  14  14  14  14  14  0   0   15  0   0   0   0   0   16  0   23  21  21  0   0   0   0   0   
0   0   24  0   0   5   5   1   1   1   0   0   0   0   0   0   0   22  0   14  14  14  0   14  14  14  0   0   0   0   0   25  16  16  16  16  16  16  0   0   0   0   
0   0   0   26  0   0   5   1   1   0   0   0   0   0   0   0   0   22  22  14  14  14  14  14  0   0   27  0   0   0   0   0   16  16  16  16  16  16  16  0   0   0   
0   0   0   26  26  26  5   1   0   28  28  0   0   0   0   0   29  0   22  14  0   14  14  0   30  0   27  27  0   0   0   0   16  16  0   16  16  16  16  0   0   0   
0   0   0   0   26  26  5   1   0   28  0   31  0   0   0   32  0   33  0   14  14  14  0   34  30  0   0   27  0   0   0   0   16  16  16  0   16  16  16  16  0   0   
0   0   0   35  0   26  0   1   0   0   0   31  31  0   36  32  0   33  0   0   14  0   37  0   30  0   0   0   0   0   0   0   16  16  16  16  16  16  0   0   0   0   
0   0   0   0   0   0   0   0   0   0   0   31  0   0   36  0   38  33  0   39  0   40  0   0   0   0   0   0   0   0   41  41  16  0   16  16  16  0   0   0   0   0   
0   0   0   0   0   0   0   0   0   0   42  31  0   0   0   0   0   0   0   39  39  39  0   0   43  0   0   0   0   0   0   41  0   0   0   0   0   0   0   0   0   0   
0   0   0   0   0   0   0   0   0   0   0   31  0   0   0   0   0   0   0   0   0   0   0   0   0   0   0   44  44  44  0   0   0   0   0   0   0   0   0   0   0   0   
0   0   0   0   0   0   0   0   45  0   0   0   46  0   0   0   0   0   0   0   0   0   0   0   0   0   47  44  44  44  44  0   0   0   0   0   0   0   48  48  0   0   
0   0   0   0   0   0   0   49  0   0   0   0   0   50  50  50  0   0   0   0   0   0   0   0   0   51  47  44  0   44  44  44  0   0   0   0   0   0   48  48  0   0   
0   0   0   0   0   0   52  0   0   0   0   0   53  50  50  50  50  0   0   0   0   0   0   0   0   51  47  44  44  44  44  44  44  0   0   0   0   0   0   0   0   0   
0   0   0   0   0   54  0   0   0   0   0   55  53  50  50  50  50  50  0   0   0   0   0   0   0   51  47  44  44  44  44  44  0   0   0   0   0   0   0   0   0   0   
0   0   0   0   56  0   0   57  0   0   0   55  0   50  50  50  0   50  0   0   0   0   0   58  0   0   47  44  0   44  44  0   0   0   0   0   0   0   0   0   0   0   
0   59  59  59  0   0   60  0   61  61  0   55  55  50  50  50  50  50  0   0   0   0   0   0   62  0   0   44  44  44  0   63  63  63  63  0   0   0   64  64  0   0   
0   0   0   59  0   65  0   0   0   61  0   0   55  50  50  50  50  0   0   66  0   0   0   0   0   67  0   0   44  0   0   0   63  0   63  63  0   0   64  64  64  0   
0   0   0   0   68  65  0   0   69  0   70  0   0   50  50  50  0   0   0   66  66  0   0   0   71  0   72  0   0   0   0   0   63  0   63  63  0   0   0   0   0   0   
0   0   73  0   0   65  65  0   0   0   0   74  0   0   0   0   0   0   75  0   0   0   0   76  0   0   72  0   0   77  77  0   63  0   0   63  0   78  0   0   0   0   
0   0   0   0   0   0   0   79  0   80  0   0   81  0   0   0   0   82  75  0   83  0   84  76  76  0   0   0   85  0   0   0   0   86  86  63  63  63  0   0   0   0   
0   0   87  0   88  88  0   79  79  0   0   0   0   0   0   0   0   82  0   0   0   89  84  0   76  76  0   90  0   0   0   0   91  0   86  63  63  0   0   0   0   0   
0   0   87  87  0   0   0   79  0   0   0   0   0   0   0   0   92  0   0   93  93  89  84  84  76  76  76  76  0   0   0   0   0   94  86  63  63  63  0   0   0   0   
0   0   0   87  87  0   95  79  79  0   96  0   0   0   0   0   0   0   97  0   93  89  84  84  76  76  76  0   0   0   0   0   98  94  86  63  63  0   99  0   0   0   
0   0   0   0   0   100 95  79  79  79  0   0   0   0   0   0   0   101 0   0   93  89  84  0   76  76  76  0   0   0   0   0   98  94  86  63  63  63  63  63  0   0   
0   0   0   102 102 100 95  79  79  79  79  0   0   0   0   0   0   101 0   103 0   89  84  84  76  76  0   0   0   0   0   0   98  94  0   63  63  63  63  0   104 0   
0   0   0   0   0   0   0   0   0   0   0   0   0   0   0   0   0   0   0   0   0   0   0   0   0   0   0   0   0   0   0   0   0   0   0   0   0   0   0   0   0   0   
EQAry
[0]=0 [1]=1 [2]=2 [3]=3 [4]=4 [5]=1 [6]=2 [7]=5 [8]=5 [9]=9 [10]=4 [11]=11 [12]=12 [13]=13 [14]=14 [15]=15 [16]=16 [17]=17 [18]=10 [19]=19 [20]=14 [21]=16 [22]=14 [23]=16 [24]=24 [25]=16 [26]=5 [27]=27 [28]=28 [29]=29 [30]=30 [31]=31 [32]=32 [33]=33 [34]=30 [35]=35 [36]=32 [37]=37 [38]=33 [39]=39 [40]=39 [41]=16 [42]=31 [43]=43 [44]=44 [45]=45 [46]=46 [47]=44 [48]=48 [49]=49 [50]=50 [51]=47 [52]=52 [53]=50 [54]=54 [55]=50 [56]=56 [57]=57 [58]=58 [59]=59 [60]=60 [61]=61 [62]=62 [63]=63 [64]=64 [65]=65 [66]=66 [67]=67 [68]=65 [69]=69 [70]=70 [71]=71 [72]=72 [73]=73 [74]=74 [75]=75 [76]=76 [77]=77 [78]=63 [79]=79 [80]=80 [81]=81 [82]=75 [83]=83 [84]=76 [85]=85 [86]=63 [87]=87 [88]=88 [89]=84 [90]=76 [91]=91 [92]=92 [93]=89 [94]=86 [95]=79 [96]=96 [97]=97 [98]=94 [99]=63 [100]=95 [101]=101 [102]=100 [103]=103 [104]=104 
30 40 0 104
0   0   0   0   0   0   0   0   0   0   0   0   0   0   0   0   0   0   0   0   0   0   0   0   0   0   0   0   0   0   0   0   0   0   0   0   0   0   0   0   0   0   
0   0   0   0   0   0   0   1   0   0   0   0   0   0   0   0   0   0   0   0   0   0   0   0   2   0   0   0   3   0   0   0   0   0   0   0   0   0   0   4   0   0   
0   0   1   0   0   0   0   1   0   0   0   0   0   0   0   0   0   0   0   0   0   0   0   2   2   0   0   0   3   3   0   0   0   0   0   0   0   0   0   4   0   0   
0   1   1   1   0   0   1   1   1   0   0   0   0   0   0   0   0   0   0   0   0   0   0   0   2   0   0   0   3   3   0   9   9   9   9   0   0   0   4   4   0   0   
0   0   0   1   1   1   1   1   1   1   0   0   0   0   0   0   0   0   0   0   0   0   0   0   0   11  0   0   0   0   12  0   0   9   0   13  0   0   4   4   0   0   
0   0   0   0   1   1   1   1   0   1   1   0   0   0   0   0   0   0   0   14  14  14  0   0   0   0   15  0   0   0   0   0   16  0   17  0   0   10  10  0   0   0   
0   0   19  0   1   1   0   1   1   1   1   0   0   0   0   0   0   0   14  14  14  14  14  0   0   0   15  0   0   0   0   0   16  0   0   16  0   18  0   0   0   0   
0   0   0   0   1   1   1   1   1   1   1   0   0   0   0   0   0   14  14  14  14  14  14  14  0   0   15  0   0   0   0   0   16  0   16  16  16  0   0   0   0   0   
0   0   24  0   0   1   1   1   1   1   0   0   0   0   0   0   0   14  0   14  14  14  0   14  14  14  0   0   0   0   0   16  16  16  16  16  16  16  0   0   0   0   
0   0   0   1   0   0   1   1   1   0   0   0   0   0   0   0   0   14  14  14  14  14  14  14  0   0   27  0   0   0   0   0   16  16  16  16  16  16  16  0   0   0   
0   0   0   1   1   1   1   1   0   28  28  0   0   0   0   0   29  0   14  14  0   14  14  0   30  0   27  27  0   0   0   0   16  16  0   16  16  16  16  0   0   0   
0   0   0   0   1   1   1   1   0   28  0   31  0   0   0   32  0   33  0   14  14  14  0   30  30  0   0   27  0   0   0   0   16  16  16  0   16  16  16  16  0   0   
0   0   0   35  0   26  0   1   0   0   0   31  31  0   32  32  0   33  0   0   14  0   37  0   30  0   0   0   0   0   0   0   16  16  16  16  16  16  0   0   0   0   
0   0   0   0   0   0   0   0   0   0   0   31  0   0   36  0   33  33  0   39  0   39  0   0   0   0   0   0   0   0   16  16  16  0   16  16  16  0   0   0   0   0   
0   0   0   0   0   0   0   0   0   0   31  31  0   0   0   0   0   0   0   39  39  39  0   0   43  0   0   0   0   0   0   41  0   0   0   0   0   0   0   0   0   0   
0   0   0   0   0   0   0   0   0   0   0   31  0   0   0   0   0   0   0   0   0   0   0   0   0   0   0   44  44  44  0   0   0   0   0   0   0   0   0   0   0   0   
0   0   0   0   0   0   0   0   45  0   0   0   46  0   0   0   0   0   0   0   0   0   0   0   0   0   44  44  44  44  44  0   0   0   0   0   0   0   48  48  0   0   
0   0   0   0   0   0   0   49  0   0   0   0   0   50  50  50  0   0   0   0   0   0   0   0   0   44  44  44  0   44  44  44  0   0   0   0   0   0   48  48  0   0   
0   0   0   0   0   0   52  0   0   0   0   0   50  50  50  50  50  0   0   0   0   0   0   0   0   44  44  44  44  44  44  44  44  0   0   0   0   0   0   0   0   0   
0   0   0   0   0   54  0   0   0   0   0   50  50  50  50  50  50  50  0   0   0   0   0   0   0   44  44  44  44  44  44  44  0   0   0   0   0   0   0   0   0   0   
0   0   0   0   56  0   0   57  0   0   0   50  0   50  50  50  0   50  0   0   0   0   0   58  0   0   44  44  0   44  44  0   0   0   0   0   0   0   0   0   0   0   
0   59  59  59  0   0   60  0   61  61  0   50  50  50  50  50  50  50  0   0   0   0   0   0   62  0   0   44  44  44  0   63  63  63  63  0   0   0   64  64  0   0   
0   0   0   59  0   65  0   0   0   61  0   0   50  50  50  50  50  0   0   66  0   0   0   0   0   67  0   0   44  0   0   0   63  0   63  63  0   0   64  64  64  0   
0   0   0   0   65  65  0   0   69  0   70  0   0   50  50  50  0   0   0   66  66  0   0   0   71  0   72  0   0   0   0   0   63  0   63  63  0   0   0   0   0   0   
0   0   73  0   0   65  65  0   0   0   0   74  0   0   0   0   0   0   75  0   0   0   0   76  0   0   72  0   0   77  77  0   63  0   0   63  0   63  0   0   0   0   
0   0   0   0   0   0   0   79  0   80  0   0   81  0   0   0   0   75  75  0   83  0   76  76  76  0   0   0   85  0   0   0   0   63  63  63  63  63  0   0   0   0   
0   0   87  0   88  88  0   79  79  0   0   0   0   0   0   0   0   82  0   0   0   76  76  0   76  76  0   76  0   0   0   0   91  0   63  63  63  0   0   0   0   0   
0   0   87  87  0   0   0   79  0   0   0   0   0   0   0   0   92  0   0   76  76  76  76  76  76  76  76  76  0   0   0   0   0   63  63  63  63  63  0   0   0   0   
0   0   0   87  87  0   79  79  79  0   96  0   0   0   0   0   0   0   97  0   76  76  76  76  76  76  76  0   0   0   0   0   63  63  63  63  63  0   63  0   0   0   
0   0   0   0   0   79  79  79  79  79  0   0   0   0   0   0   0   101 0   0   76  76  76  0   76  76  76  0   0   0   0   0   63  63  63  63  63  63  63  63  0   0   
0   0   0   79  79  79  79  79  79  79  79  0   0   0   0   0   0   101 0   103 0   76  76  76  76  76  0   0   0   0   0   0   94  94  0   63  63  63  63  0   104 0   
0   0   0   0   0   0   0   0   0   0   0   0   0   0   0   0   0   0   0   0   0   0   0   0   0   0   0   0   0   0   0   0   0   0   0   0   0   0   0   0   0   0   
EQAry
[0]=0 [1]=1 [2]=2 [3]=3 [4]=4 [5]=1 [6]=2 [7]=1 [8]=1 [9]=9 [10]=4 [11]=11 [12]=12 [13]=13 [14]=14 [15]=15 [16]=16 [17]=17 [18]=10 [19]=19 [20]=14 [21]=16 [22]=14 [23]=16 [24]=24 [25]=16 [26]=1 [27]=27 [28]=28 [29]=29 [30]=30 [31]=31 [32]=32 [33]=33 [34]=30 [35]=35 [36]=32 [37]=37 [38]=33 [39]=39 [40]=39 [41]=16 [42]=31 [43]=43 [44]=44 [45]=45 [46]=46 [47]=44 [48]=48 [49]=49 [50]=50 [51]=44 [52]=52 [53]=50 [54]=54 [55]=50 [56]=56 [57]=57 [58]=58 [59]=59 [60]=60 [61]=61 [62]=62 [63]=63 [64]=64 [65]=65 [66]=66 [67]=67 [68]=65 [69]=69 [70]=70 [71]=71 [72]=72 [73]=73 [74]=74 [75]=75 [76]=76 [77]=77 [78]=63 [79]=79 [80]=80 [81]=81 [82]=75 [83]=83 [84]=76 [85]=85 [86]=63 [87]=87 [88]=88 [89]=76 [90]=76 [91]=91 [92]=92 [93]=76 [94]=63 [95]=79 [96]=96 [97]=97 [98]=63 [99]=63 [100]=79 [101]=101 [102]=79 [103]=103 [104]=104 
EQAry
[0]=0 [1]=1 [2]=2 [3]=3 [4]=4 [5]=1 [6]=2 [7]=1 [8]=1 [9]=5 [10]=4 [11]=6 [12]=7 [13]=8 [14]=9 [15]=10 [16]=11 [17]=12 [18]=4 [19]=13 [20]=9 [21]=11 [22]=9 [23]=11 [24]=14 [25]=11 [26]=1 [27]=15 [28]=16 [29]=17 [30]=18 [31]=19 [32]=20 [33]=21 [34]=18 [35]=22 [36]=20 [37]=23 [38]=21 [39]=24 [40]=24 [41]=11 [42]=19 [43]=25 [44]=26 [45]=27 [46]=28 [47]=26 [48]=29 [49]=30 [50]=31 [51]=26 [52]=32 [53]=31 [54]=33 [55]=31 [56]=34 [57]=35 [58]=36 [59]=37 [60]=38 [61]=39 [62]=40 [63]=41 [64]=42 [65]=43 [66]=44 [67]=45 [68]=43 [69]=46 [70]=47 [71]=48 [72]=49 [73]=50 [74]=51 [75]=52 [76]=53 [77]=54 [78]=41 [79]=55 [80]=56 [81]=57 [82]=52 [83]=58 [84]=53 [85]=59 [86]=41 [87]=60 [88]=61 [89]=53 [90]=53 [91]=62 [92]=63 [93]=53 [94]=41 [95]=55 [96]=64 [97]=65 [98]=41 [99]=41 [100]=55 [101]=66 [102]=55 [103]=67 [104]=68 
30 40 0 68
0   0   0   0   0   0   0   0   0   0   0   0   0   0   0   0   0   0   0   0   0   0   0   0   0   0   0   0   0   0   0   0   0   0   0   0   0   0   0   0   0   0   
0   0   0   0   0   0   0   1   0   0   0   0   0   0   0   0   0   0   0   0   0   0   0   0   2   0   0   0   3   0   0   0   0   0   0   0   0   0   0   4   0   0   
0   0   1   0   0   0   0   1   0   0   0   0   0   0   0   0   0   0   0   0   0   0   0   2   2   0   0   0   3   3   0   0   0   0   0   0   0   0   0   4   0   0   
0   1   1   1   0   0   1   1   1   0   0   0   0   0   0   0   0   0   0   0   0   0   0   0   2   0   0   0   3   3   0   5   5   5   5   0   0   0   4   4   0   0   
0   0   0   1   1   1   1   1   1   1   0   0   0   0   0   0   0   0   0   0   0   0   0   0   0   6   0   0   0   0   7   0   0   5   0   8   0   0   4   4   0   0   
0   0   0   0   1   1   1   1   0   1   1   0   0   0   0   0   0   0   0   9   9   9   0   0   0   0   10  0   0   0   0   0   11  0   12  0   0   4   4   0   0   0   
0   0   13  0   1   1   0   1   1   1   1   0   0   0   0   0   0   0   9   9   9   9   9   0   0   0   10  0   0   0   0   0   11  0   0   11  0   4   0   0   0   0   
0   0   0   0   1   1   1   1   1   1   1   0   0   0   0   0   0   9   9   9   9   9   9   9   0   0   10  0   0   0   0   0   11  0   11  11  11  0   0   0   0   0   
0   0   14  0   0   1   1   1   1   1   0   0   0   0   0   0   0   9   0   9   9   9   0   9   9   9   0   0   0   0   0   11  11  11  11  11  11  11  0   0   0   0   
0   0   0   1   0   0   1   1   1   0   0   0   0   0   0   0   0   9   9   9   9   9   9   9   0   0   15  0   0   0   0   0   11  11  11  11  11  11  11  0   0   0   
0   0   0   1   1   1   1   1   0   16  16  0   0   0   0   0   17  0   9   9   0   9   9   0   18  0   15  15  0   0   0   0   11  11  0   11  11  11  11  0   0   0   
0   0   0   0   1   1   1   1   0   16  0   19  0   0   0   20  0   21  0   9   9   9   0   18  18  0   0   15  0   0   0   0   11  11  11  0   11  11  11  11  0   0   
0   0   0   22  0   1   0   1   0   0   0   19  19  0   20  20  0   21  0   0   9   0   23  0   18  0   0   0   0   0   0   0   11  11  11  11  11  11  0   0   0   0   
0   0   0   0   0   0   0   0   0   0   0   19  0   0   20  0   21  21  0   24  0   24  0   0   0   0   0   0   0   0   11  11  11  0   11  11  11  0   0   0   0   0   
0   0   0   0   0   0   0   0   0   0   19  19  0   0   0   0   0   0   0   24  24  24  0   0   25  0   0   0   0   0   0   11  0   0   0   0   0   0   0   0   0   0   
0   0   0   0   0   0   0   0   0   0   0   19  0   0   0   0   0   0   0   0   0   0   0   0   0   0   0   26  26  26  0   0   0   0   0   0   0   0   0   0   0   0   
0   0   0   0   0   0   0   0   27  0   0   0   28  0   0   0   0   0   0   0   0   0   0   0   0   0   26  26  26  26  26  0   0   0   0   0   0   0   29  29  0   0   
0   0   0   0   0   0   0   30  0   0   0   0   0   31  31  31  0   0   0   0   0   0   0   0   0   26  26  26  0   26  26  26  0   0   0   0   0   0   29  29  0   0   
0   0   0   0   0   0   32  0   0   0   0   0   31  31  31  31  31  0   0   0   0   0   0   0   0   26  26  26  26  26  26  26  26  0   0   0   0   0   0   0   0   0   
0   0   0   0   0   33  0   0   0   0   0   31  31  31  31  31  31  31  0   0   0   0   0   0   0   26  26  26  26  26  26  26  0   0   0   0   0   0   0   0   0   0   
0   0   0   0   34  0   0   35  0   0   0   31  0   31  31  31  0   31  0   0   0   0   0   36  0   0   26  26  0   26  26  0   0   0   0   0   0   0   0   0   0   0   
0   37  37  37  0   0   38  0   39  39  0   31  31  31  31  31  31  31  0   0   0   0   0   0   40  0   0   26  26  26  0   41  41  41  41  0   0   0   42  42  0   0   
0   0   0   37  0   43  0   0   0   39  0   0   31  31  31  31  31  0   0   44  0   0   0   0   0   45  0   0   26  0   0   0   41  0   41  41  0   0   42  42  42  0   
0   0   0   0   43  43  0   0   46  0   47  0   0   31  31  31  0   0   0   44  44  0   0   0   48  0   49  0   0   0   0   0   41  0   41  41  0   0   0   0   0   0   
0   0   50  0   0   43  43  0   0   0   0   51  0   0   0   0   0   0   52  0   0   0   0   53  0   0   49  0   0   54  54  0   41  0   0   41  0   41  0   0   0   0   
0   0   0   0   0   0   0   55  0   56  0   0   57  0   0   0   0   52  52  0   58  0   53  53  53  0   0   0   59  0   0   0   0   41  41  41  41  41  0   0   0   0   
0   0   60  0   61  61  0   55  55  0   0   0   0   0   0   0   0   52  0   0   0   53  53  0   53  53  0   53  0   0   0   0   62  0   41  41  41  0   0   0   0   0   
0   0   60  60  0   0   0   55  0   0   0   0   0   0   0   0   63  0   0   53  53  53  53  53  53  53  53  53  0   0   0   0   0   41  41  41  41  41  0   0   0   0   
0   0   0   60  60  0   55  55  55  0   64  0   0   0   0   0   0   0   65  0   53  53  53  53  53  53  53  0   0   0   0   0   41  41  41  41  41  0   41  0   0   0   
0   0   0   0   0   55  55  55  55  55  0   0   0   0   0   0   0   66  0   0   53  53  53  0   53  53  53  0   0   0   0   0   41  41  41  41  41  41  41  41  0   0   
0   0   0   55  55  55  55  55  55  55  55  0   0   0   0   0   0   66  0   67  0   53  53  53  53  53  0   0   0   0   0   0   41  41  0   41  41  41  41  0   68  0   
0   0   0   0   0   0   0   0   0   0   0   0   0   0   0   0   0   0   0   0   0   0   0   0   0   0   0   0   0   0   0   0   0   0   0   0   0   0   0   0   0   0   
EQAry
[0]=0 [1]=1 [2]=2 [3]=3 [4]=4 [5]=1 [6]=2 [7]=1 [8]=1 [9]=5 [10]=4 [11]=6 [12]=7 [13]=8 [14]=9 [15]=10 [16]=11 [17]=12 [18]=4 [19]=13 [20]=9 [21]=11 [22]=9 [23]=11 [24]=14 [25]=11 [26]=1 [27]=15 [28]=16 [29]=17 [30]=18 [31]=19 [32]=20 [33]=21 [34]=18 [35]=22 [36]=20 [37]=23 [38]=21 [39]=24 [40]=24 [41]=11 [42]=19 [43]=25 [44]=26 [45]=27 [46]=28 [47]=26 [48]=29 [49]=30 [50]=31 [51]=26 [52]=32 [53]=31 [54]=33 [55]=31 [56]=34 [57]=35 [58]=36 [59]=37 [60]=38 [61]=39 [62]=40 [63]=41 [64]=42 [65]=43 [66]=44 [67]=45 [68]=43 [69]=46 [70]=47 [71]=48 [72]=49 [73]=50 [74]=51 [75]=52 [76]=53 [77]=54 [78]=41 [79]=55 [80]=56 [81]=57 [82]=52 [83]=58 [84]=53 [85]=59 [86]=41 [87]=60 [88]=61 [89]=53 [90]=53 [91]=62 [92]=63 [93]=53 [94]=41 [95]=55 [96]=64 [97]=65 [98]=41 [99]=41 [100]=55 [101]=66 [102]=55 [103]=67 [104]=68 
30 40 0 68
0   0   0   0   0   0   0   0   0   0   0   0   0   0   0   0   0   0   0   0   0   0   0   0   0   0   0   0   0   0   0   0   0   0   0   0   0   0   0   0   0   0   
0   0   1   1   1   1   1   1   1   1   1   0   0   0   0   0   0   0   0   0   0   0   0   0   2   0   0   0   3   3   0   0   0   0   0   0   0   4   4   4   0   0   
0   0   1   0   0   0   0   1   0   0   1   0   0   0   0   0   0   0   0   0   0   0   0   2   2   0   0   0   3   3   0   0   0   0   0   0   0   4   0   4   0   0   
0   1   1   1   0   0   1   1   1   0   1   0   0   0   0   0   0   0   0   0   0   0   0   0   2   0   0   0   3   3   0   5   5   5   5   0   0   4   4   4   0   0   
0   0   1   1   1   1   1   1   1   1   1   0   0   0   0   0   0   0   0   0   0   0   0   0   0   6   0   0   0   0   7   5   5   5   5   8   0   4   4   4   0   0   
0   0   1   0   1   1   1   1   0   1   1   0   0   0   0   0   0   9   9   9   9   9   9   9   9   9   10  0   0   0   11  11  11  11  12  11  11  11  11  11  0   0   
0   0   13  0   1   1   0   1   1   1   1   0   0   0   0   0   0   9   9   9   9   9   9   0   0   9   10  0   0   0   11  0   11  0   0   11  0   4   4   11  0   0   
0   0   1   0   1   1   1   1   1   1   1   0   0   0   0   0   0   9   9   9   9   9   9   9   0   9   10  0   0   0   11  0   11  0   11  11  11  0   0   11  0   0   
0   0   14  0   0   1   1   1   1   1   1   0   0   0   0   0   0   9   0   9   9   9   0   9   9   9   0   0   0   0   11  11  11  11  11  11  11  11  0   11  0   0   
0   0   1   1   0   0   1   1   1   0   1   0   0   0   0   0   0   9   9   9   9   9   9   9   0   9   15  15  0   0   11  0   11  11  11  11  11  11  11  11  0   0   
0   0   1   1   1   1   1   1   0   16  16  0   0   0   0   0   17  9   9   9   0   9   9   0   18  9   15  15  0   0   11  0   11  11  0   11  11  11  11  11  0   0   
0   0   1   0   1   1   1   1   0   16  16  19  19  0   0   20  0   21  0   9   9   9   0   18  18  9   15  15  0   0   11  0   11  11  11  0   11  11  11  11  0   0   
0   0   1   22  1   1   1   1   1   1   1   19  19  0   20  20  0   21  9   9   9   9   23  9   18  9   0   0   0   0   11  0   11  11  11  11  11  11  0   11  0   0   
0   0   0   0   0   0   0   0   0   0   0   19  19  0   20  20  21  21  0   24  24  24  0   0   0   0   0   0   0   0   11  11  11  0   11  11  11  0   0   11  0   0   
0   0   0   0   0   0   0   0   0   0   19  19  19  0   0   0   0   0   0   24  24  24  0   0   25  0   0   0   0   0   11  11  11  11  11  11  11  11  11  11  0   0   
0   0   0   0   0   0   0   0   0   0   0   19  19  0   0   0   0   0   0   0   0   0   0   0   0   26  26  26  26  26  26  26  26  0   0   0   0   0   0   0   0   0   
0   0   0   0   0   0   0   0   27  0   0   0   28  0   0   0   0   0   0   0   0   0   0   0   0   26  26  26  26  26  26  0   26  0   0   0   0   0   29  29  0   0   
0   0   0   0   0   0   0   30  0   0   0   31  31  31  31  31  31  31  0   0   0   0   0   0   0   26  26  26  0   26  26  26  26  0   0   0   0   0   29  29  0   0   
0   0   0   0   0   0   32  0   0   0   0   31  31  31  31  31  31  31  0   0   0   0   0   0   0   26  26  26  26  26  26  26  26  0   0   0   0   0   0   0   0   0   
0   0   0   0   0   33  0   0   0   0   0   31  31  31  31  31  31  31  0   0   0   0   0   0   0   26  26  26  26  26  26  26  26  0   0   0   0   0   0   0   0   0   
0   0   0   0   34  0   0   35  0   0   0   31  0   31  31  31  0   31  0   0   0   0   0   36  0   26  26  26  0   26  26  0   26  0   0   0   0   0   0   0   0   0   
0   37  37  37  0   0   38  0   39  39  0   31  31  31  31  31  31  31  0   0   0   0   0   0   40  26  0   26  26  26  0   41  41  41  41  41  41  41  42  42  42  0   
0   37  37  37  0   43  43  0   39  39  0   31  31  31  31  31  31  31  0   44  44  0   0   0   0   45  26  26  26  26  26  41  26  0   41  41  0   0   42  42  42  0   
0   0   0   0   43  43  43  0   46  0   47  31  31  31  31  31  31  31  0   44  44  0   0   0   48  0   49  0   0   0   0   41  41  0   41  41  0   0   0   41  0   0   
0   0   50  0   0   43  43  0   0   0   0   51  0   0   0   0   0   0   52  53  53  53  53  53  53  53  53  53  0   54  54  41  41  0   0   41  0   41  0   41  0   0   
0   0   0   55  55  55  55  55  55  56  55  0   57  0   0   0   0   52  52  53  58  0   53  53  53  0   0   53  59  0   0   41  0   41  41  41  41  41  0   41  0   0   
0   0   60  60  61  61  0   55  55  0   55  0   0   0   0   0   0   52  52  53  0   53  53  0   53  53  0   53  0   0   0   41  62  0   41  41  41  0   0   41  0   0   
0   0   60  55  60  0   0   55  0   0   55  0   0   0   0   0   63  0   0   53  53  53  53  53  53  53  53  53  0   0   0   41  0   41  41  41  41  41  0   41  0   0   
0   0   60  60  60  0   55  55  55  0   64  0   0   0   0   0   0   0   65  53  53  53  53  53  53  53  53  53  0   0   0   41  41  41  41  41  41  0   41  41  0   0   
0   0   0   55  0   55  55  55  55  55  55  0   0   0   0   0   0   66  0   53  53  53  53  0   53  53  53  53  0   0   0   41  41  41  41  41  41  41  41  41  0   0   
0   0   0   55  55  55  55  55  55  55  55  0   0   0   0   0   0   66  0   67  53  53  53  53  53  53  53  53  0   0   0   41  41  41  41  41  41  41  41  41  68  0   
0   0   0   0   0   0   0   0   0   0   0   0   0   0   0   0   0   0   0   0   0   0   0   0   0   0   0   0   0   0   0   0   0   0   0   0   0   0   0   0   0   0   
trueNumCC : 68