30 40 0 29
0  0  0  0  0  0  0  0  0  0  0  0  0  0  0  0  0  0  0  0  0  0  0  0  0  0  0  0  0  0  0  0  0  0  0  0  0  0  0  0  0  0  
0  0  0  0  0  0  0  1  0  0  0  0  0  0  0  0  0  0  0  0  0  0  0  0  2  0  0  0  3  0  0  0  0  0  0  0  0  0  0  4  0  0  
0  0  5  0  0  0  0  1  0  0  0  0  0  0  0  0  0  0  0  0  0  0  0  2  2  0  0  0  3  3  0  0  0  0  0  0  0  0  0  4  0  0  
0  5  5  5  0  0  1  1  1  0  0  0  0  0  0  0  0  0  0  0  0  0  0  0  2  0  0  0  3  3  0  6  6  6  6  0  0  0  4  4  0  0  
0  0  0  5  5  1  1  1  1  1  0  0  0  0  0  0  0  0  0  0  0  0  0  0  0  2  0  0  0  0  3  0  0  6  0  6  0  0  4  4  0  0  
0  0  0  0  1  1  1  1  0  1  1  0  0  0  0  0  0  0  0  7  7  7  0  0  0  0  2  0  0  0  0  0  6  0  6  0  0  4  4  0  0  0  
0  0  8  0  1  1  0  1  1  1  1  0  0  0  0  0  0  0  7  7  7  7  7  0  0  0  2  0  0  0  0  0  6  0  0  6  0  4  0  0  0  0  
0  0  0  0  1  1  1  1  1  1  1  0  0  0  0  0  0  7  7  7  7  7  7  7  0  0  2  0  0  0  0  0  6  0  6  6  4  0  0  0  0  0  
0  0  9  0  0  1  1  1  1  1  0  0  0  0  0  0  0  7  0  7  7  7  0  7  7  2  0  0  0  0  0  6  6  6  6  4  4  4  0  0  0  0  
0  0  0  9  0  0  1  1  1  0  0  0  0  0  0  0  0  7  7  7  7  7  7  7  0  0  2  0  0  0  0  0  6  6  4  4  4  4  4  0  0  0  
0  0  0  9  9  1  1  1  0  1  1  0  0  0  0  0  7  0  7  7  0  7  7  0  7  0  2  2  0  0  0  0  6  4  0  4  4  4  4  0  0  0  
0  0  0  0  1  1  1  1  0  1  0  1  0  0  0  7  0  7  0  7  7  7  0  7  7  0  0  2  0  0  0  0  4  4  4  0  4  4  4  4  0  0  
0  0  0  1  0  1  0  1  0  0  0  1  1  0  7  7  0  7  0  0  7  0  7  0  7  0  0  0  0  0  0  0  4  4  4  4  4  4  0  0  0  0  
0  0  0  0  0  0  0  0  0  0  0  1  0  0  7  0  7  7  0  7  0  7  0  0  0  0  0  0  0  0  10 4  4  0  4  4  4  0  0  0  0  0  
0  0  0  0  0  0  0  0  0  0  1  1  0  0  0  0  0  0  0  7  7  7  0  0  11 0  0  0  0  0  0  4  0  0  0  0  0  0  0  0  0  0  
0  0  0  0  0  0  0  0  0  0  0  1  0  0  0  0  0  0  0  0  0  0  0  0  0  0  0  12 12 12 0  0  0  0  0  0  0  0  0  0  0  0  
0  0  0  0  0  0  0  0  13 0  0  0  1  0  0  0  0  0  0  0  0  0  0  0  0  0  12 12 12 12 12 0  0  0  0  0  0  0  14 14 0  0  
0  0  0  0  0  0  0  13 0  0  0  0  0  1  1  1  0  0  0  0  0  0  0  0  0  12 12 12 0  12 12 12 0  0  0  0  0  0  14 14 0  0  
0  0  0  0  0  0  13 0  0  0  0  0  1  1  1  1  1  0  0  0  0  0  0  0  0  12 12 12 12 12 12 12 12 0  0  0  0  0  0  0  0  0  
0  0  0  0  0  13 0  0  0  0  0  1  1  1  1  1  1  1  0  0  0  0  0  0  0  12 12 12 12 12 12 12 0  0  0  0  0  0  0  0  0  0  
0  0  0  0  13 0  0  15 0  0  0  1  0  1  1  1  0  1  0  0  0  0  0  16 0  0  12 12 0  12 12 0  0  0  0  0  0  0  0  0  0  0  
0  17 17 13 0  0  15 0  15 15 0  1  1  1  1  1  1  1  0  0  0  0  0  0  16 0  0  12 12 12 0  12 12 12 12 0  0  0  18 18 0  0  
0  0  0  13 0  15 0  0  0  15 0  0  1  1  1  1  1  0  0  19 0  0  0  0  0  16 0  0  12 0  0  0  12 0  12 12 0  0  18 18 18 0  
0  0  0  0  13 13 0  0  15 0  15 0  0  1  1  1  0  0  0  19 19 0  0  0  16 0  16 0  0  0  0  0  12 0  12 12 0  0  0  0  0  0  
0  0  20 0  0  13 13 0  0  0  0  15 0  0  0  0  0  0  19 0  0  0  0  16 0  0  16 0  0  21 21 0  12 0  0  12 0  22 0  0  0  0  
0  0  0  0  0  0  0  13 0  23 0  0  15 0  0  0  0  19 19 0  24 0  16 16 16 0  0  0  21 0  0  0  0  12 12 12 12 12 0  0  0  0  
0  0  25 0  26 26 0  13 13 0  0  0  0  0  0  0  0  19 0  0  0  16 16 0  16 16 0  21 0  0  0  0  12 0  12 12 12 0  0  0  0  0  
0  0  25 25 0  0  0  13 0  0  0  0  0  0  0  0  19 0  0  27 16 16 16 16 16 16 16 16 0  0  0  0  0  12 12 12 12 12 0  0  0  0  
0  0  0  25 25 0  13 13 13 0  28 0  0  0  0  0  0  0  27 0  16 16 16 16 16 16 16 0  0  0  0  0  12 12 12 12 12 0  12 0  0  0  
0  0  0  0  0  13 13 13 13 13 0  0  0  0  0  0  0  27 0  0  16 16 16 0  16 16 16 0  0  0  0  0  12 12 12 12 12 12 12 12 0  0  
0  0  0  29 13 13 13 13 13 13 13 0  0  0  0  0  0  27 0  16 0  16 16 16 16 16 0  0  0  0  0  0  12 12 0  12 12 12 12 0  12 0  
0  0  0  0  0  0  0  0  0  0  0  0  0  0  0  0  0  0  0  0  0  0  0  0  0  0  0  0  0  0  0  0  0  0  0  0  0  0  0  0  0  0  
EQAry
[0]=0 [1]=1 [2]=2 [3]=3 [4]=4 [5]=1 [6]=4 [7]=2 [8]=8 [9]=1 [10]=4 [11]=11 [12]=12 [13]=13 [14]=14 [15]=13 [16]=16 [17]=13 [18]=18 [19]=19 [20]=20 [21]=16 [22]=12 [23]=13 [24]=16 [25]=13 [26]=25 [27]=16 [28]=13 [29]=13 
30 40 0 29
0  0  0  0  0  0  0  0  0  0  0  0  0  0  0  0  0  0  0  0  0  0  0  0  0  0  0  0  0  0  0  0  0  0  0  0  0  0  0  0  0  0  
0  0  0  0  0  0  0  1  0  0  0  0  0  0  0  0  0  0  0  0  0  0  0  0  2  0  0  0  3  0  0  0  0  0  0  0  0  0  0  4  0  0  
0  0  1  0  0  0  0  1  0  0  0  0  0  0  0  0  0  0  0  0  0  0  0  2  2  0  0  0  3  3  0  0  0  0  0  0  0  0  0  4  0  0  
0  1  1  1  0  0  1  1  1  0  0  0  0  0  0  0  0  0  0  0  0  0  0  0  2  0  0  0  3  3  0  3  4  4  4  0  0  0  4  4  0  0  
0  0  0  1  1  1  1  1  1  1  0  0  0  0  0  0  0  0  0  0  0  0  0  0  0  2  0  0  0  0  3  0  0  4  0  4  0  0  4  4  0  0  
0  0  0  0  1  1  1  1  0  1  1  0  0  0  0  0  0  0  0  2  2  2  0  0  0  0  2  0  0  0  0  0  4  0  4  0  0  4  4  0  0  0  
0  0  8  0  1  1  0  1  1  1  1  0  0  0  0  0  0  0  2  2  2  2  2  0  0  0  2  0  0  0  0  0  4  0  0  4  0  4  0  0  0  0  
0  0  0  0  1  1  1  1  1  1  1  0  0  0  0  0  0  2  2  2  2  2  2  2  0  0  2  0  0  0  0  0  4  0  4  4  4  0  0  0  0  0  
0  0  1  0  0  1  1  1  1  1  0  0  0  0  0  0  0  7  0  7  7  7  0  2  2  2  0  0  0  0  0  4  4  4  4  4  4  4  0  0  0  0  
0  0  0  1  0  0  1  1  1  0  0  0  0  0  0  0  0  7  7  7  7  7  7  7  0  0  2  0  0  0  0  0  4  4  4  4  4  4  4  0  0  0  
0  0  0  1  1  1  1  1  0  1  1  0  0  0  0  0  7  0  7  7  0  7  7  0  7  0  2  2  0  0  0  0  4  4  0  4  4  4  4  0  0  0  
0  0  0  0  1  1  1  1  0  1  0  1  0  0  0  7  0  7  0  7  7  7  0  7  7  0  0  2  0  0  0  0  4  4  4  0  4  4  4  4  0  0  
0  0  0  1  0  1  0  1  0  0  0  1  1  0  7  7  0  7  0  0  7  0  7  0  7  0  0  0  0  0  0  0  4  4  4  4  4  4  0  0  0  0  
0  0  0  0  0  0  0  0  0  0  0  1  0  0  7  0  7  7  0  7  0  7  0  0  0  0  0  0  0  0  4  4  4  0  4  4  4  0  0  0  0  0  
0  0  0  0  0  0  0  0  0  0  1  1  0  0  0  0  0  0  0  7  7  7  0  0  11 0  0  0  0  0  0  4  0  0  0  0  0  0  0  0  0  0  
0  0  0  0  0  0  0  0  0  0  0  1  0  0  0  0  0  0  0  0  0  0  0  0  0  0  0  12 12 12 0  0  0  0  0  0  0  0  0  0  0  0  
0  0  0  0  0  0  0  0  13 0  0  0  1  0  0  0  0  0  0  0  0  0  0  0  0  0  12 12 12 12 12 0  0  0  0  0  0  0  14 14 0  0  
0  0  0  0  0  0  0  13 0  0  0  0  0  1  1  1  0  0  0  0  0  0  0  0  0  12 12 12 0  12 12 12 0  0  0  0  0  0  14 14 0  0  
0  0  0  0  0  0  13 0  0  0  0  0  1  1  1  1  1  0  0  0  0  0  0  0  0  12 12 12 12 12 12 12 12 0  0  0  0  0  0  0  0  0  
0  0  0  0  0  13 0  0  0  0  0  1  1  1  1  1  1  1  0  0  0  0  0  0  0  12 12 12 12 12 12 12 0  0  0  0  0  0  0  0  0  0  
0  0  0  0  13 0  0  13 0  0  0  1  0  1  1  1  0  1  0  0  0  0  0  16 0  0  12 12 0  12 12 0  0  0  0  0  0  0  0  0  0  0  
0  13 13 13 0  0  13 0  15 15 0  1  1  1  1  1  1  1  0  0  0  0  0  0  16 0  0  12 12 12 0  12 12 12 12 0  0  0  18 18 0  0  
0  0  0  13 0  13 0  0  0  15 0  0  1  1  1  1  1  0  0  19 0  0  0  0  0  16 0  0  12 0  0  0  12 0  12 12 0  0  18 18 18 0  
0  0  0  0  13 13 0  0  15 0  15 0  0  1  1  1  0  0  0  19 19 0  0  0  16 0  16 0  0  0  0  0  12 0  12 12 0  0  0  0  0  0  
0  0  20 0  0  13 13 0  0  0  0  15 0  0  0  0  0  0  19 0  0  0  0  16 0  0  16 0  0  16 21 0  12 0  0  12 0  12 0  0  0  0  
0  0  0  0  0  0  0  13 0  13 0  0  15 0  0  0  0  19 19 0  16 0  16 16 16 0  0  0  16 0  0  0  0  12 12 12 12 12 0  0  0  0  
0  0  13 0  13 26 0  13 13 0  0  0  0  0  0  0  0  19 0  0  0  16 16 0  16 16 0  16 0  0  0  0  12 0  12 12 12 0  0  0  0  0  
0  0  13 13 0  0  0  13 0  0  0  0  0  0  0  0  19 0  0  16 16 16 16 16 16 16 16 16 0  0  0  0  0  12 12 12 12 12 0  0  0  0  
0  0  0  13 13 0  13 13 13 0  13 0  0  0  0  0  0  0  27 0  16 16 16 16 16 16 16 0  0  0  0  0  12 12 12 12 12 0  12 0  0  0  
0  0  0  0  0  13 13 13 13 13 0  0  0  0  0  0  0  27 0  0  16 16 16 0  16 16 16 0  0  0  0  0  12 12 12 12 12 12 12 12 0  0  
0  0  0  13 13 13 13 13 13 13 13 0  0  0  0  0  0  27 0  16 0  16 16 16 16 16 0  0  0  0  0  0  12 12 0  12 12 12 12 0  12 0  
0  0  0  0  0  0  0  0  0  0  0  0  0  0  0  0  0  0  0  0  0  0  0  0  0  0  0  0  0  0  0  0  0  0  0  0  0  0  0  0  0  0  
EQAry
[0]=0 [1]=1 [2]=2 [3]=3 [4]=3 [5]=1 [6]=4 [7]=2 [8]=8 [9]=1 [10]=4 [11]=11 [12]=12 [13]=13 [14]=14 [15]=13 [16]=16 [17]=13 [18]=18 [19]=19 [20]=20 [21]=16 [22]=12 [23]=13 [24]=16 [25]=13 [26]=13 [27]=16 [28]=13 [29]=13 
EQAry
[0]=0 [1]=1 [2]=2 [3]=3 [4]=3 [5]=1 [6]=3 [7]=2 [8]=4 [9]=1 [10]=3 [11]=5 [12]=6 [13]=7 [14]=8 [15]=7 [16]=9 [17]=7 [18]=10 [19]=11 [20]=12 [21]=9 [22]=6 [23]=7 [24]=9 [25]=7 [26]=7 [27]=9 [28]=7 [29]=7 
30 40 0 12
0  0  0  0  0  0  0  0  0  0  0  0  0  0  0  0  0  0  0  0  0  0  0  0  0  0  0  0  0  0  0  0  0  0  0  0  0  0  0  0  0  0  
0  0  0  0  0  0  0  1  0  0  0  0  0  0  0  0  0  0  0  0  0  0  0  0  2  0  0  0  3  0  0  0  0  0  0  0  0  0  0  3  0  0  
0  0  1  0  0  0  0  1  0  0  0  0  0  0  0  0  0  0  0  0  0  0  0  2  2  0  0  0  3  3  0  0  0  0  0  0  0  0  0  3  0  0  
0  1  1  1  0  0  1  1  1  0  0  0  0  0  0  0  0  0  0  0  0  0  0  0  2  0  0  0  3  3  0  3  3  3  3  0  0  0  3  3  0  0  
0  0  0  1  1  1  1  1  1  1  0  0  0  0  0  0  0  0  0  0  0  0  0  0  0  2  0  0  0  0  3  0  0  3  0  3  0  0  3  3  0  0  
0  0  0  0  1  1  1  1  0  1  1  0  0  0  0  0  0  0  0  2  2  2  0  0  0  0  2  0  0  0  0  0  3  0  3  0  0  3  3  0  0  0  
0  0  4  0  1  1  0  1  1  1  1  0  0  0  0  0  0  0  2  2  2  2  2  0  0  0  2  0  0  0  0  0  3  0  0  3  0  3  0  0  0  0  
0  0  0  0  1  1  1  1  1  1  1  0  0  0  0  0  0  2  2  2  2  2  2  2  0  0  2  0  0  0  0  0  3  0  3  3  3  0  0  0  0  0  
0  0  1  0  0  1  1  1  1  1  0  0  0  0  0  0  0  2  0  2  2  2  0  2  2  2  0  0  0  0  0  3  3  3  3  3  3  3  0  0  0  0  
0  0  0  1  0  0  1  1  1  0  0  0  0  0  0  0  0  2  2  2  2  2  2  2  0  0  2  0  0  0  0  0  3  3  3  3  3  3  3  0  0  0  
0  0  0  1  1  1  1  1  0  1  1  0  0  0  0  0  2  0  2  2  0  2  2  0  2  0  2  2  0  0  0  0  3  3  0  3  3  3  3  0  0  0  
0  0  0  0  1  1  1  1  0  1  0  1  0  0  0  2  0  2  0  2  2  2  0  2  2  0  0  2  0  0  0  0  3  3  3  0  3  3  3  3  0  0  
0  0  0  1  0  1  0  1  0  0  0  1  1  0  2  2  0  2  0  0  2  0  2  0  2  0  0  0  0  0  0  0  3  3  3  3  3  3  0  0  0  0  
0  0  0  0  0  0  0  0  0  0  0  1  0  0  2  0  2  2  0  2  0  2  0  0  0  0  0  0  0  0  3  3  3  0  3  3  3  0  0  0  0  0  
0  0  0  0  0  0  0  0  0  0  1  1  0  0  0  0  0  0  0  2  2  2  0  0  5  0  0  0  0  0  0  3  0  0  0  0  0  0  0  0  0  0  
0  0  0  0  0  0  0  0  0  0  0  1  0  0  0  0  0  0  0  0  0  0  0  0  0  0  0  6  6  6  0  0  0  0  0  0  0  0  0  0  0  0  
0  0  0  0  0  0  0  0  7  0  0  0  1  0  0  0  0  0  0  0  0  0  0  0  0  0  6  6  6  6  6  0  0  0  0  0  0  0  8  8  0  0  
0  0  0  0  0  0  0  7  0  0  0  0  0  1  1  1  0  0  0  0  0  0  0  0  0  6  6  6  0  6  6  6  0  0  0  0  0  0  8  8  0  0  
0  0  0  0  0  0  7  0  0  0  0  0  1  1  1  1  1  0  0  0  0  0  0  0  0  6  6  6  6  6  6  6  6  0  0  0  0  0  0  0  0  0  
0  0  0  0  0  7  0  0  0  0  0  1  1  1  1  1  1  1  0  0  0  0  0  0  0  6  6  6  6  6  6  6  0  0  0  0  0  0  0  0  0  0  
0  0  0  0  7  0  0  7  0  0  0  1  0  1  1  1  0  1  0  0  0  0  0  9  0  0  6  6  0  6  6  0  0  0  0  0  0  0  0  0  0  0  
0  7  7  7  0  0  7  0  7  7  0  1  1  1  1  1  1  1  0  0  0  0  0  0  9  0  0  6  6  6  0  6  6  6  6  0  0  0  10 10 0  0  
0  0  0  7  0  7  0  0  0  7  0  0  1  1  1  1  1  0  0  11 0  0  0  0  0  9  0  0  6  0  0  0  6  0  6  6  0  0  10 10 10 0  
0  0  0  0  7  7  0  0  7  0  7  0  0  1  1  1  0  0  0  11 11 0  0  0  9  0  9  0  0  0  0  0  6  0  6  6  0  0  0  0  0  0  
0  0  12 0  0  7  7  0  0  0  0  7  0  0  0  0  0  0  11 0  0  0  0  9  0  0  9  0  0  9  9  0  6  0  0  6  0  6  0  0  0  0  
0  0  0  0  0  0  0  7  0  7  0  0  7  0  0  0  0  11 11 0  9  0  9  9  9  0  0  0  9  0  0  0  0  6  6  6  6  6  0  0  0  0  
0  0  7  0  7  7  0  7  7  0  0  0  0  0  0  0  0  11 0  0  0  9  9  0  9  9  0  9  0  0  0  0  6  0  6  6  6  0  0  0  0  0  
0  0  7  7  0  0  0  7  0  0  0  0  0  0  0  0  11 0  0  9  9  9  9  9  9  9  9  9  0  0  0  0  0  6  6  6  6  6  0  0  0  0  
0  0  0  7  7  0  7  7  7  0  7  0  0  0  0  0  0  0  9  0  9  9  9  9  9  9  9  0  0  0  0  0  6  6  6  6  6  0  6  0  0  0  
0  0  0  0  0  7  7  7  7  7  0  0  0  0  0  0  0  9  0  0  9  9  9  0  9  9  9  0  0  0  0  0  6  6  6  6  6  6  6  6  0  0  
0  0  0  7  7  7  7  7  7  7  7  0  0  0  0  0  0  9  0  9  0  9  9  9  9  9  0  0  0  0  0  0  6  6  0  6  6  6  6  0  6  0  
0  0  0  0  0  0  0  0  0  0  0  0  0  0  0  0  0  0  0  0  0  0  0  0  0  0  0  0  0  0  0  0  0  0  0  0  0  0  0  0  0  0  
EQAry
[0]=0 [1]=1 [2]=2 [3]=3 [4]=3 [5]=1 [6]=3 [7]=2 [8]=4 [9]=1 [10]=3 [11]=5 [12]=6 [13]=7 [14]=8 [15]=7 [16]=9 [17]=7 [18]=10 [19]=11 [20]=12 [21]=9 [22]=6 [23]=7 [24]=9 [25]=7 [26]=7 [27]=9 [28]=7 [29]=7 
30 40 0 12
0  0  0  0  0  0  0  0  0  0  0  0  0  0  0  0  0  0  0  0  0  0  0  0  0  0  0  0  0  0  0  0  0  0  0  0  0  0  0  0  0  0  
0  0  1  1  1  1  1  1  1  1  1  1  1  1  1  2  2  2  2  2  2  2  2  2  2  2  2  2  3  3  3  3  3  3  3  3  3  3  3  3  0  0  
0  0  1  0  0  0  0  1  0  0  0  0  0  0  0  2  0  1  0  0  0  0  0  2  2  0  0  2  3  3  0  0  0  0  0  0  0  0  0  3  0  0  
0  1  1  1  0  0  1  1  1  0  0  0  0  0  0  2  0  1  0  0  0  0  0  0  2  0  0  2  3  3  0  3  3  3  3  0  0  0  3  3  0  0  
0  0  1  1  1  1  1  1  1  1  0  0  0  0  0  2  0  1  0  0  0  0  0  0  0  2  0  2  3  0  3  0  0  3  0  3  0  0  3  3  0  0  
0  0  1  0  1  1  1  1  0  1  1  0  0  0  0  2  0  1  0  2  2  2  0  0  0  0  2  2  3  0  0  0  3  0  3  0  0  3  3  3  0  0  
0  0  4  0  1  1  0  1  1  1  1  0  0  0  0  2  0  1  2  2  2  2  2  0  0  0  2  2  3  0  0  0  3  0  0  3  0  3  0  3  0  0  
0  0  1  0  1  1  1  1  1  1  1  0  0  0  0  2  0  1  2  2  2  2  2  2  0  0  2  2  3  0  0  0  3  0  3  3  3  0  0  3  0  0  
0  0  1  0  0  1  1  1  1  1  0  0  0  0  0  2  0  1  0  2  2  2  0  2  2  2  0  2  3  0  0  3  3  3  3  3  3  3  0  3  0  0  
0  0  1  1  0  0  1  1  1  0  0  0  0  0  0  2  0  1  2  2  2  2  2  2  0  0  2  2  3  0  0  0  3  3  3  3  3  3  3  3  0  0  
0  0  1  1  1  1  1  1  0  1  1  0  0  0  0  2  2  1  2  2  0  2  2  0  2  0  2  2  3  0  0  0  3  3  0  3  3  3  3  3  0  0  
0  0  1  0  1  1  1  1  0  1  0  1  0  0  0  2  0  1  0  2  2  2  0  2  2  0  0  2  3  0  0  0  3  3  3  0  3  3  3  3  0  0  
0  0  1  1  0  1  0  1  0  0  0  1  1  0  2  2  0  1  0  0  2  0  2  0  2  0  0  2  3  0  0  0  3  3  3  3  3  3  0  3  0  0  
0  0  1  0  0  0  0  0  0  0  0  1  0  0  2  2  2  1  0  2  0  2  0  0  0  0  0  2  3  0  3  3  3  0  3  3  3  0  0  3  0  0  
0  0  1  0  0  0  0  0  0  0  1  1  0  0  0  2  2  2  2  2  2  2  2  2  5  2  2  2  3  3  3  3  3  3  3  3  3  3  3  3  0  0  
0  0  1  0  0  0  0  0  0  0  0  1  0  0  0  0  0  1  0  0  0  0  0  0  0  6  6  6  6  6  6  6  6  6  6  6  6  6  6  6  6  0  
0  7  7  7  7  7  7  7  7  7  7  7  7  0  0  0  0  1  0  0  0  0  0  0  0  6  6  6  6  6  6  0  0  0  0  0  0  0  8  8  6  0  
0  7  1  0  0  0  0  7  0  0  0  0  7  1  1  1  0  1  0  0  0  0  0  0  0  6  6  6  0  6  6  6  0  0  0  0  0  0  8  8  6  0  
0  7  1  0  0  0  7  0  0  0  0  0  7  1  1  1  1  1  0  0  0  0  0  0  0  6  6  6  6  6  6  6  6  0  0  0  0  0  0  0  6  0  
0  7  1  0  0  7  0  0  0  0  0  1  7  1  1  1  1  1  0  0  0  0  0  0  0  6  6  6  6  6  6  6  0  0  0  0  0  0  0  0  6  0  
0  7  1  0  7  0  0  7  0  0  0  1  7  1  1  1  0  1  9  9  9  9  9  9  9  9  9  9  9  9  9  0  0  0  0  0  0  0  0  0  6  0  
0  7  1  7  0  0  7  0  7  7  0  1  7  1  1  1  1  1  9  0  0  0  0  0  9  6  0  6  6  6  9  6  6  6  6  0  0  0  10 10 10 0  
0  7  1  7  0  7  0  0  0  7  0  0  7  1  1  1  1  11 11 11 11 0  0  0  0  6  0  0  6  0  9  0  6  0  6  6  0  0  10 10 10 0  
0  7  1  1  1  1  1  1  1  1  1  1  7  1  1  1  1  11 9  11 11 0  0  0  9  6  9  0  0  0  9  0  6  0  6  6  0  0  0  0  6  0  
0  7  12 0  0  7  7  0  0  0  0  7  7  0  0  0  0  11 9  0  11 0  0  9  0  6  9  0  0  9  9  0  6  0  0  6  0  6  0  0  6  0  
0  7  0  0  0  0  0  7  0  7  0  0  7  0  0  0  0  11 9  0  11 0  9  9  9  6  0  0  9  0  9  0  0  6  6  6  6  6  0  0  6  0  
0  7  7  0  7  7  0  7  7  0  0  0  7  0  0  0  0  11 9  0  11 9  9  0  9  6  0  9  0  0  9  0  6  0  6  6  6  0  0  0  6  0  
0  7  7  7  0  0  0  7  0  0  0  0  7  0  0  0  11 11 11 11 11 9  9  9  9  6  9  9  0  0  9  0  0  6  6  6  6  6  0  0  6  0  
0  7  0  7  7  0  7  7  7  0  7  0  7  0  0  0  0  0  9  0  9  9  9  9  9  6  9  0  0  0  9  0  6  6  6  6  6  0  6  0  6  0  
0  7  0  0  0  7  7  7  7  7  0  0  7  0  0  0  0  9  9  0  9  9  9  0  9  6  9  0  0  0  9  0  6  6  6  6  6  6  6  6  6  0  
0  7  7  7  7  7  7  7  7  7  7  7  7  0  0  0  0  9  9  9  9  9  9  9  9  9  9  9  9  9  9  6  6  6  6  6  6  6  6  6  6  0  
0  0  0  0  0  0  0  0  0  0  0  0  0  0  0  0  0  0  0  0  0  0  0  0  0  0  0  0  0  0  0  0  0  0  0  0  0  0  0  0  0  0  
trueNumCC : 12