30 40 0 68
68
1
109
0	1
11	9
2
7
0	23
2	23
3
9
0	27
2	28
4
17
0	36
5	38
5
9
2	30
3	33
6
1
3	24
3	24
7
1
3	29
3	29
8
1
3	34
3	34
9
73
4	16
11	24
10
5
4	25
6	25
11
93
4	29
13	38
12
1
4	33
4	33
13
1
5	1
5	1
14
1
7	1
7	1
15
7
8	25
10	26
16
5
9	8
10	9
17
1
9	15
9	15
18
7
9	23
11	23
19
13
10	10
14	11
20
7
10	14
12	14
21
7
10	16
12	16
22
1
11	2
11	2
23
1
11	21
11	21
24
9
12	18
13	20
25
1
13	23
13	23
26
73
14	24
21	31
27
1
15	7
15	7
28
1
15	11
15	11
29
7
15	37
16	38
30
1
16	6
16	6
31
69
16	10
22	16
32
1
17	5
17	5
33
1
18	4
18	4
34
1
19	3
19	3
35
1
19	6
19	6
36
1
19	22
19	22
37
7
20	0
21	2
38
1
20	5
20	5
39
5
20	7
21	8
40
1
20	23
20	23
41
91
20	30
29	38
42
9
20	37
21	39
43
9
21	4
23	5
44
5
21	18
22	19
45
1
21	24
21	24
46
1
22	7
22	7
47
1
22	9
22	9
48
1
22	23
22	23
49
3
22	25
23	25
50
1
23	1
23	1
51
1
23	10
23	10
52
7
23	17
25	17
53
71
23	18
29	26
54
3
23	28
23	29
55
39
24	2
29	9
56
1
24	8
24	8
57
1
24	11
24	11
58
1
24	19
24	19
59
1
24	27
24	27
60
9
25	1
27	3
61
3
25	3
25	4
62
1
25	31
25	31
63
1
26	15
26	15
64
1
27	9
27	9
65
1
27	17
27	17
66
3
28	16
29	16
67
1
29	18
29	18
68
1
29	39
29	39
