46 46 1 55
1  1  2  3  7  10 5  2  3  4  3  2  2  3  4  3  2  2  3  4  3  2  2  3  4  3  2  4  8  6  3  2  2  3  4  3  2  2  3  4  3  2  2  3  4  4  
1  1  2  3  10 16 8  2  3  6  11 11 5  3  4  3  2  2  3  4  3  2  4  8  6  3  2  9  18 11 3  2  2  3  4  4  3  2  3  4  3  2  2  3  4  4  
2  1  2  3  7  10 5  2  3  12 29 29 11 3  4  3  2  2  3  4  3  2  10 19 12 3  2  12 23 14 3  2  2  3  4  5  4  3  3  4  3  2  2  3  4  4  
3  3  4  4  4  3  2  4  8  15 30 29 11 3  4  3  2  2  3  4  3  2  12 24 14 3  2  12 23 15 7  4  2  3  4  4  3  2  3  4  3  2  2  3  4  4  
4  4  7  5  4  3  2  7  15 17 15 11 5  3  4  3  2  2  3  4  3  2  11 22 13 3  2  9  20 20 13 6  2  3  4  3  2  2  3  4  3  2  2  3  4  4  
4  3  4  4  4  3  2  4  15 21 11 2  2  3  4  4  3  2  3  4  3  2  11 21 13 3  2  5  16 23 15 4  2  3  4  3  2  3  6  5  3  2  2  3  4  4  
5  2  2  3  4  3  2  5  16 22 11 2  2  3  4  4  4  2  3  4  3  2  8  16 10 3  3  4  11 21 16 4  2  3  7  10 5  5  10 7  3  2  2  3  4  4  
6  3  2  3  4  3  2  8  18 15 6  2  2  3  4  4  3  2  3  4  3  5  12 17 13 6  2  3  8  19 18 7  2  3  10 16 8  3  6  5  3  2  2  3  4  4  
7  4  5  8  6  3  2  5  9  7  3  2  2  3  4  3  2  2  3  4  6  14 23 31 30 17 4  4  13 19 13 4  2  3  7  10 5  2  3  4  3  2  2  3  4  4  
7  5  8  13 9  4  3  2  3  4  3  2  2  3  4  3  2  2  3  6  17 23 24 32 41 33 16 9  18 19 8  2  2  3  4  3  2  2  3  4  3  2  2  3  4  4  
3  3  5  8  9  13 13 6  3  4  3  2  2  3  4  3  2  2  5  17 32 30 16 20 38 44 33 19 15 16 9  4  3  3  4  3  2  2  3  5  4  2  2  3  4  4  
1  1  2  3  12 30 30 12 3  4  3  2  2  3  4  3  2  2  8  23 33 27 12 13 28 36 34 23 12 9  8  6  4  3  4  3  2  2  6  11 7  2  2  3  4  4  
3  5  7  8  17 36 36 18 9  10 10 10 10 10 11 12 12 13 20 27 29 25 18 16 20 22 23 20 14 10 10 10 8  7  8  7  6  5  10 15 9  2  2  3  5  5  
5  10 14 14 17 24 24 18 16 17 17 18 18 18 19 20 24 34 42 44 41 33 31 31 29 28 28 29 28 24 17 14 13 12 12 11 9  8  9  10 6  4  5  6  6  6  
5  8  11 10 9  9  8  8  9  10 10 10 10 10 11 15 26 43 51 53 49 39 40 43 41 40 41 40 37 34 23 10 7  7  8  7  6  5  5  7  10 9  9  7  5  5  
4  3  4  4  5  4  2  2  3  4  3  2  2  3  6  17 33 44 48 49 47 43 44 45 41 43 46 41 36 39 33 16 4  3  6  9  5  2  3  10 16 10 5  4  4  4  
5  2  2  4  6  5  2  2  3  4  3  2  2  5  17 32 42 43 44 45 46 45 47 45 38 42 48 46 42 42 36 25 13 5  9  15 8  2  3  7  10 5  2  3  4  4  
6  3  2  3  5  5  3  3  3  4  3  2  4  16 33 43 45 44 44 44 44 45 47 48 46 46 48 49 46 34 23 26 28 17 9  9  5  2  3  4  3  2  2  4  4  4  
7  3  2  3  5  6  4  4  4  4  3  5  16 33 43 44 46 48 44 40 43 46 49 52 50 44 45 47 42 27 19 32 42 34 17 6  2  3  3  4  3  2  3  5  5  4  
5  6  8  6  4  5  4  4  4  4  6  16 33 45 43 38 43 49 42 34 38 45 47 49 45 37 41 44 39 32 28 37 46 44 34 17 6  4  4  4  4  3  3  4  4  4  
2  8  14 9  4  3  3  4  4  6  17 33 45 50 45 40 43 47 45 39 38 42 45 45 44 41 44 39 29 29 31 37 44 45 43 33 19 11 6  4  5  4  3  3  5  5  
3  8  13 11 9  9  9  10 10 16 30 42 46 46 45 43 44 47 50 49 45 44 43 43 43 43 44 35 22 19 25 34 40 39 38 36 31 22 10 4  4  3  2  4  7  6  
5  9  12 13 14 15 15 18 25 31 37 41 42 39 36 40 44 47 52 55 54 49 42 40 41 42 42 37 27 21 23 32 36 34 32 32 32 29 18 8  3  2  2  4  7  6  
4  5  9  15 19 19 19 25 34 38 42 46 46 39 34 40 45 45 48 53 55 50 43 42 45 45 44 36 28 26 28 37 42 39 35 37 40 39 32 20 13 11 12 12 8  5  
4  2  7  18 24 24 23 29 36 39 46 52 50 45 41 41 45 46 47 49 50 48 46 43 41 44 43 29 20 25 35 43 48 43 35 37 45 46 40 30 23 20 22 20 9  4  
4  2  4  10 14 14 12 18 31 43 47 45 44 45 44 43 44 46 49 51 49 48 49 43 36 41 44 34 21 20 32 44 48 42 33 34 43 44 32 20 13 11 12 11 6  4  
5  2  2  3  4  4  3  5  17 35 42 38 43 47 46 46 44 39 38 39 41 47 51 47 43 46 49 46 32 16 19 35 45 42 35 38 43 33 17 6  4  3  2  3  4  4  
6  3  2  3  4  5  5  3  5  17 31 42 50 54 50 47 45 37 25 21 30 43 49 49 49 48 46 47 37 16 8  19 35 42 42 42 33 16 5  4  5  4  3  3  4  4  
7  3  2  3  4  4  3  2  3  6  17 34 49 54 51 43 41 40 31 25 34 45 47 45 46 45 41 44 39 23 13 11 21 39 45 33 16 4  3  4  4  4  3  3  4  4  
7  6  7  8  9  9  8  8  9  10 13 24 39 47 47 39 34 42 47 45 45 48 45 39 41 42 39 40 39 33 26 16 18 33 35 21 8  5  5  4  3  3  4  4  5  5  
5  9  12 13 14 15 15 15 16 17 17 20 29 39 44 41 39 44 50 52 51 47 43 39 39 40 38 35 33 34 31 21 20 26 23 13 9  8  7  7  5  3  3  4  6  6  
3  6  7  8  9  9  8  8  9  10 10 10 15 32 45 46 45 43 42 46 48 47 46 44 44 44 43 39 34 37 35 19 15 19 13 7  6  5  6  8  7  3  2  3  5  5  
3  4  3  3  4  5  2  2  3  4  3  2  4  17 35 44 46 43 43 47 47 47 48 47 48 49 49 47 42 43 39 21 9  9  6  3  2  2  3  9  11 6  2  3  4  4  
3  3  2  5  13 14 9  7  5  4  3  2  2  5  17 30 35 33 36 40 37 35 36 36 36 37 37 37 34 32 31 23 8  3  4  3  2  2  3  10 16 8  2  3  4  4  
4  2  2  7  20 22 14 12 8  4  3  2  2  3  6  12 17 21 26 26 18 13 14 14 16 19 16 14 16 18 16 10 4  3  4  3  2  2  3  7  10 5  2  3  4  4  
4  2  2  5  11 12 7  7  5  4  4  3  2  3  4  3  8  22 35 31 16 9  7  4  11 22 17 10 16 18 9  2  2  3  4  3  2  2  3  4  3  2  2  3  4  4  
5  2  2  3  6  9  5  2  3  4  5  5  3  3  4  3  5  16 34 38 28 25 17 6  14 33 33 23 21 15 6  2  2  3  4  3  2  2  3  4  3  2  2  3  4  4  
6  3  2  3  9  15 8  3  3  4  4  3  2  3  4  3  2  4  16 30 37 40 32 20 23 38 40 27 14 6  3  2  2  3  4  3  2  2  3  4  3  2  2  3  4  4  
7  3  2  3  6  9  6  4  4  4  3  2  2  3  4  3  2  2  5  16 33 44 42 35 37 41 32 15 5  4  3  2  2  3  4  3  2  2  3  4  3  2  2  3  4  4  
5  2  2  5  9  6  2  3  3  4  3  2  3  3  4  3  2  2  3  6  17 34 41 40 41 33 16 4  3  4  3  2  2  3  7  10 5  2  3  7  10 5  2  3  4  4  
2  1  2  10 19 11 2  2  3  7  13 13 8  4  4  3  2  2  3  4  6  16 31 38 32 17 4  2  3  4  3  2  2  3  10 16 8  2  3  10 16 8  2  3  4  4  
1  1  2  11 22 19 11 5  3  10 22 22 12 4  4  3  2  2  3  4  3  5  19 31 20 6  2  2  3  4  3  2  2  5  12 12 5  2  3  7  10 5  2  3  4  4  
2  1  2  5  14 22 19 8  3  7  13 12 6  4  5  4  2  2  3  4  3  2  13 25 15 3  2  2  3  4  3  2  4  15 22 11 2  4  8  6  3  2  3  6  5  4  
3  2  2  3  6  12 12 5  5  9  6  2  2  4  6  5  2  2  3  4  3  2  13 25 15 3  2  2  3  4  3  2  6  20 25 12 2  7  13 9  3  2  5  10 7  4  
4  2  2  3  4  5  4  3  8  14 8  2  2  3  5  4  2  2  3  4  3  2  10 19 12 3  2  2  3  4  3  2  4  10 12 6  2  4  8  6  3  2  3  6  5  4  
4  2  2  3  4  4  3  2  5  9  6  2  2  3  4  3  2  2  3  4  3  2  4  8  6  3  2  2  3  4  3  2  2  3  4  3  2  2  3  4  3  2  2  3  4  4  
