HPP
1 0 1 1 19 24 25 1 1 1 0 24 27 26 4 1 0 1 1 8 23 24 27 1 1 2 0 25 28 26 8 2 1 2 1 10 22 26 26 0 1 0 1 25 27 26 18 1 0 1 
VPP
0 7 14 11 24 10 7 5 9 10 10 13 14 8 10 10 6 9 15 16 14 9 6 5 9 9 11 16 18 20 14 8 13 8 12 10 13 16 16 10 10 3 4 8 18 18 12 3 0 0 
binHPP
0 0 0 0 1 1 1 0 0 0 0 1 1 1 0 0 0 0 0 1 1 1 1 0 0 0 0 1 1 1 1 0 0 0 0 1 1 1 1 0 0 0 0 1 1 1 1 0 0 0 
binVPP
0 1 1 1 1 1 1 1 1 1 1 1 1 1 1 1 1 1 1 1 1 1 1 1 1 1 1 1 1 1 1 1 1 1 1 1 1 1 1 1 1 0 0 1 1 1 1 0 0 0 
Box Queue
3
5 2 47 47
morphHPP
0 0 0 0 1 1 1 0 0 0 0 1 1 1 0 0 0 0 0 1 1 1 1 0 0 0 0 1 1 1 1 0 0 0 0 1 1 1 1 0 0 0 0 1 1 1 1 0 0 0 
morphVPP
0 1 1 1 1 1 1 1 1 1 1 1 1 1 1 1 1 1 1 1 1 1 1 1 1 1 1 1 1 1 1 1 1 1 1 1 1 1 1 1 1 1 1 1 1 1 1 0 0 0 
morphHPP
0 0 0 0 1 1 1 0 0 0 0 1 1 1 0 0 0 0 0 1 1 1 1 0 0 0 0 1 1 1 1 0 0 0 0 1 1 1 1 0 0 0 0 1 1 1 1 0 0 0 
morphVPP
0 1 1 1 1 1 1 1 1 1 1 1 1 1 1 1 1 1 1 1 1 1 1 1 1 1 1 1 1 1 1 1 1 1 1 1 1 1 1 1 1 1 1 1 1 1 1 0 0 0 
