HPP
0 9 17 23 22 23 15 6 7 13 19 23 19 16 9 7 14 19 21 17 15 6 12 12 22 19 21 14 7 3 9 21 22 22 25 16 3 9 16 20 22 16 12 2 0 
VPP
0 0 14 28 30 29 18 2 1 0 18 26 28 26 17 4 0 1 3 24 28 28 20 7 1 1 0 10 21 26 23 11 13 0 0 0 13 22 24 29 16 2 0 0 13 25 25 18 0 0 
binHPP
0 1 1 1 1 1 1 1 1 1 1 1 1 1 1 1 1 1 1 1 1 1 1 1 1 1 1 1 1 0 1 1 1 1 1 1 0 1 1 1 1 1 1 0 0 
binVPP
0 0 1 1 1 1 1 0 0 0 1 1 1 1 1 0 0 0 0 1 1 1 1 1 0 0 0 1 1 1 1 1 1 0 0 0 1 1 1 1 1 0 0 0 1 1 1 1 0 0 
Box Queue
3
2 3 43 48
morphHPP
0 1 1 1 1 1 1 1 1 1 1 1 1 1 1 1 1 1 1 1 1 1 1 1 1 1 1 1 1 1 1 1 1 1 1 1 1 1 1 1 1 1 1 0 0 
morphVPP
0 0 1 1 1 1 1 0 0 0 1 1 1 1 1 0 0 0 0 1 1 1 1 1 0 0 0 1 1 1 1 1 1 0 0 0 1 1 1 1 1 0 0 0 1 1 1 1 0 0 
morphHPP
0 1 1 1 1 1 1 1 1 1 1 1 1 1 1 1 1 1 1 1 1 1 1 1 1 1 1 1 1 1 1 1 1 1 1 1 1 1 1 1 1 1 1 0 0 
morphVPP
0 0 1 1 1 1 1 0 0 0 1 1 1 1 1 0 0 0 0 1 1 1 1 1 0 0 0 1 1 1 1 1 1 0 0 0 1 1 1 1 1 0 0 0 1 1 1 1 0 0 
