HPP
0 2 4 10 13 15 15 20 24 20 19 18 32 30 28 26 26 21 12 7 7 7 
VPP
0 0 0 0 9 12 13 17 19 19 8 6 6 7 8 10 14 14 13 8 6 2 3 8 11 9 11 11 14 17 21 16 13 11 8 6 4 2 0 0 
binHPP
0 0 0 1 1 1 1 1 1 1 1 1 1 1 1 1 1 1 1 1 1 1 
binVPP
0 0 0 0 1 1 1 1 1 1 1 1 1 1 1 1 1 1 1 1 1 0 0 1 1 1 1 1 1 1 1 1 1 1 1 1 0 0 0 0 
Box Queue
3
4 5 22 36
morphHPP
0 0 0 1 1 1 1 1 1 1 1 1 1 1 1 1 1 1 1 1 1 1 
morphVPP
0 0 0 0 1 1 1 1 1 1 1 1 1 1 1 1 1 1 1 1 1 1 1 1 1 1 1 1 1 1 1 1 1 1 1 1 0 0 0 0 
morphHPP
0 0 0 1 1 1 1 1 1 1 1 1 1 1 1 1 1 1 1 1 1 1 
morphVPP
0 0 0 0 1 1 1 1 1 1 1 1 1 1 1 1 1 1 1 1 1 1 1 1 1 1 1 1 1 1 1 1 1 1 1 1 0 0 0 0 
